5000
1338 1530 7495
8061 6991 7344
9740 3059 1103
3043 5125 6598
85 3265 2330
7876 9004 2479
3345 2035 3421
2138 4093 2709
5169 2219 4854
8018 1068 8531
5723 279 5344
1610 5796 4194
2091 2370 2631
2025 8274 1360
2786 4354 7709
1697 6591 2726
4040 5473 2148
4898 8673 6010
3056 7515 162
4229 1171 2112
1037 3964 5069
9567 185 9858
113 1577 5138
5295 3148 2624
1275 7211 4707
1951 1518 3201
2617 3487 2176
2603 7115 4903
4224 5163 1112
4567 1434 8850
3078 8122 2991
9085 6660 8269
7596 8199 9527
4799 534 3508
8247 3960 73
9829 4007 8258
8384 9106 8742
7708 5604 5873
6492 395 669
5751 2831 362
2221 3065 2123
205 7504 6393
3791 4575 8126
6612 3753 2627
4635 7704 2764
488 2263 4706
6291 6361 905
9597 3799 9033
616 4649 8763
5717 6727 8148
2491 6081 8502
2634 7269 1997
8387 6340 1297
4604 9945 6737
3453 9201 6546
5910 106 2977
2089 5668 9818
5563 1004 2322
1145 9198 204
2030 6914 8471
2494 9286 7040
7738 1299 5960
5187 2310 5502
7002 3595 1610
6800 2328 4652
5091 3633 2530
5368 6972 1261
1883 1102 2013
3656 9200 5801
5596 9795 3002
432 80 8484
8069 336 4724
8337 5882 4234
1016 8750 1061
4272 5059 4173
6959 7689 5985
8846 4118 9343
9725 1370 8315
1379 9386 5537
4826 3411 4976
1062 4434 2083
8519 3214 3283
9448 3344 754
3630 5078 8468
6515 2388 2104
6669 6557 7155
4399 3025 3045
1387 5107 195
3642 5451 8903
6290 1744 8279
1679 7813 8533
1727 2736 9839
6748 4455 7778
3984 9254 977
5915 474 149
2259 1283 4696
750 2998 8955
9056 1465 8672
8743 8661 3797
7723 8785 2287
8517 6608 9755
3117 2578 5060
7061 5675 5017
3950 56 7452
3094 5670 123
1434 1391 1152
8611 3131 7878
3715 4874 4498
1868 6503 6518
5313 5826 865
505 446 1149
8990 4365 2225
6234 7555 4001
2494 1773 7263
991 9042 3916
9865 5808 446
8900 8932 1354
8219 4061 1858
541 5379 6307
5286 3312 9470
7112 8825 321
7806 7940 7655
4870 7516 1347
6036 9836 5657
4769 7397 8708
4448 4954 8515
5334 3757 8077
7712 1220 7420
3823 6584 9071
2191 3366 8296
1019 7469 857
4127 9864 799
704 8077 3779
6374 5496 7877
5202 1714 9925
8425 8863 5577
2035 260 2037
8892 11 1843
6035 2063 8752
8969 8550 5073
430 1729 2602
1195 1945 1213
8590 3118 486
7266 5180 599
189 5108 8656
514 7438 5888
1959 5854 2878
7780 4939 7986
302 3707 1535
4542 9808 1764
1935 4078 9506
4111 5000 747
2410 6421 2977
1300 5182 4218
8517 9435 3486
7559 2206 9242
7766 6825 1072
338 8601 6135
444 2631 9165
4698 4487 7824
8058 3367 2175
7511 5600 7712
1998 2011 6271
7198 4188 4870
8608 7869 746
2608 1711 1927
6144 7599 4366
1167 446 884
2208 5853 2769
37 2281 2101
1847 9767 1427
3063 693 3604
9147 348 5602
1380 8277 88
1947 6464 2259
7774 9496 7432
4022 8254 6262
2972 7703 7054
7737 5563 7647
2069 1150 8441
8905 6433 3135
9293 8928 2435
5567 6266 1788
702 5572 418
8185 4472 3552
6110 9831 3833
5427 3802 9375
4383 9806 5677
993 666 4108
6767 8169 3270
7941 7520 9261
8119 51 1468
2535 922 1522
4481 1358 2562
8182 8311 3457
2992 340 187
4669 3928 7688
6355 1085 7857
9799 9912 1006
6486 1916 9908
3862 3176 8423
7966 6643 6381
6358 4331 2887
134 7550 2660
4987 2129 456
5475 527 2856
4886 573 7757
8811 8842 8205
9262 985 349
1172 6993 1378
9789 2899 584
8453 161 7530
8014 511 5265
6193 2627 1302
2579 9039 1032
844 2778 8554
4587 9274 4804
1860 4103 5082
1721 1025 8557
1156 6869 1176
3132 8833 1217
7839 483 6758
3144 944 1253
5825 3696 360
2302 6890 913
9013 9066 6741
460 1496 9254
9661 104 9735
4752 647 8565
3286 635 954
1311 1799 2941
6103 7202 1795
7052 6862 5647
7759 159 2933
4265 2947 773
5343 8569 9336
39 1592 3490
8689 1103 599
4807 2094 5930
2239 7097 3149
7244 124 4987
2865 3892 498
123 1693 1936
9213 892 1038
7749 9629 6735
4561 9890 1509
3813 1589 6623
2191 2261 2748
6042 2722 37
6318 2678 3110
4063 3384 1233
3550 9130 9251
2447 9381 7190
1561 142 8081
9374 8143 8462
3070 167 7419
3912 2815 4692
6234 234 2400
1959 6872 4551
2541 5072 2097
7072 1633 7033
3602 9617 5612
4448 2962 5841
6378 8118 1510
5034 3302 4401
943 2358 1028
9736 8519 9540
9336 7470 6328
1510 4168 9033
9062 6796 7963
7112 394 4
1172 3261 1712
9736 3632 4793
556 9447 2615
1291 3185 4303
6579 6536 349
1652 83 3279
1014 5781 9768
7035 8596 2215
5344 2010 8735
7406 9545 5869
2002 4395 1317
7965 3335 7186
8261 5526 1783
5088 5119 2053
6006 5060 6125
8575 8149 1247
4216 5487 317
2653 4768 515
488 4375 8253
7425 7150 891
4600 37 1458
2197 5248 3675
5870 3367 1934
8209 8595 3044
3848 1602 2167
9801 2793 724
2727 4160 8194
5787 3055 4301
2091 6710 1934
4496 7274 4501
1929 2176 2542
8591 4168 1938
2288 1455 2560
2778 3997 3230
3196 3331 1418
9156 1559 5405
7649 3484 9678
2853 8455 330
3304 5908 8503
4174 2997 9130
4471 7907 2540
573 4534 2226
7883 7792 4128
1179 7974 8552
7473 9264 716
2329 839 9988
4845 6459 4420
2387 1018 5937
3797 9104 1479
5315 4421 9350
5336 5160 8499
6608 6914 7706
3222 8526 2065
8583 7993 6005
1490 533 1896
2987 9377 461
6919 6942 3326
383 2927 2898
8606 8949 5751
8745 3204 2518
9070 7480 4512
3678 4773 846
3763 9585 6567
8502 4834 5197
2445 918 5267
1147 2074 8772
3418 3217 7153
2895 4567 8083
6701 7936 3306
9599 5012 4711
2014 1958 2010
6853 4286 1264
2221 8183 8331
3409 850 4046
2143 1099 9757
3072 6270 8123
2698 2288 3593
5025 5012 2108
9047 6109 1133
2146 7831 362
3759 7283 5937
4660 1816 2708
786 3191 1130
5341 8156 8476
655 5572 999
7039 3894 5693
7464 7538 2114
1638 8083 8901
1408 4080 2066
3479 9663 817
9453 7037 6043
2716 8556 6777
6763 2476 790
1623 2514 9339
1099 216 9678
4723 3135 1980
3138 3242 6929
3890 6015 3201
1374 2631 2789
4997 1209 7528
113 9293 6648
8027 9232 5712
2256 7860 9225
6394 216 8480
344 654 2259
5282 1716 647
9415 1173 1910
790 133 1044
8168 8046 3558
1921 5326 917
716 9088 4608
3347 3458 1092
685 2479 1778
4951 8750 5414
3293 3227 5162
0 3045 106
1867 478 3708
3492 655 4108
854 9655 3844
1178 2979 1747
5004 9778 9148
1126 6257 2154
3659 127 9670
7882 5040 4782
5449 3130 2025
3251 2792 2022
538 5805 3386
366 2535 3223
8807 5140 5555
487 7877 7150
8127 334 623
8491 1286 9589
6980 2922 9649
6623 9811 9547
3047 1926 9260
8275 6796 1074
770 2097 9693
1526 8725 3589
3546 2870 8081
9251 3349 2042
4675 3187 1053
9648 5919 9687
9251 1020 7829
1183 5492 6199
3031 8428 8003
4725 3698 5604
6834 5259 7867
7505 2851 4619
2850 5748 2935
8991 7964 2313
1556 7164 1286
2783 584 2815
1105 8684 9011
7494 1567 661
3297 2388 1024
4972 7065 3819
895 2379 6144
1371 4352 2325
2583 8632 6613
5473 3058 1367
227 3979 3904
227 1476 723
3957 2013 1206
4188 7540 9697
190 3999 3389
6229 1895 6593
699 4708 3099
2137 9360 4686
1762 5031 5216
4519 765 514
368 9669 9560
4992 4340 2037
1268 1398 4883
4422 5676 7546
9653 3611 5652
7774 3622 9721
2196 2290 2827
5716 2426 9190
3528 7904 309
856 1791 3624
6157 5390 2561
6935 6420 2766
5067 6425 7745
2860 1210 193
6681 3332 3616
2094 2814 5097
2423 7684 2753
2490 2606 7370
967 3591 2837
8373 5154 609
9499 1520 8454
1475 2984 7586
1120 1175 1186
2829 1763 1176
3898 4750 577
1743 2892 8404
9190 8132 6243
8341 2609 6922
9891 5606 1902
2852 3198 2621
63 3704 2628
7069 2323 9605
9395 4748 5890
2324 8940 5998
785 5104 3923
7580 1632 3317
5289 3571 3109
6632 7486 9972
8686 3578 3683
1166 3534 932
7480 2242 1809
828 418 6615
7058 4917 993
1380 1375 385
2483 7110 3931
6443 1729 6242
1643 5844 8603
4870 1753 3072
6004 8503 8529
555 9814 195
7944 5476 157
4540 7909 6930
4685 3375 9877
9499 4385 1795
7077 1568 286
2285 6523 8005
1123 855 4106
1355 9367 1382
6150 5202 2187
1270 2764 7534
2600 1796 5933
3916 5692 2454
1523 9181 6643
1790 3487 2357
9353 977 4870
3337 3155 6780
4323 2695 5411
1112 1105 5521
4055 9230 9872
9269 6054 1232
5948 6924 9986
3051 8455 7829
2010 744 8245
7046 7762 8210
154 5808 7776
8734 7398 7019
2195 9434 7965
1026 6197 985
6079 6228 8827
7271 4038 2736
9296 2565 8584
7065 9787 476
1738 4412 6226
805 706 2735
8838 6411 6491
370 7589 5407
8330 2351 8846
4091 3603 1249
6331 8497 2648
1001 6395 9424
7029 6592 798
6752 5149 9588
9170 6533 8401
4056 4180 7729
9397 4876 9491
1732 7179 3579
8186 5389 8094
8965 2099 5127
4003 1301 3883
3828 2327 6838
2217 3922 3021
3053 3781 6515
6534 2078 4833
7618 4221 1267
2421 1116 986
4142 6424 2609
8302 3815 2517
2222 5505 3140
963 4159 2608
1034 3535 4255
6412 9610 2825
2248 9853 18
8469 1749 8639
4922 7188 1519
2213 8278 300
9386 4688 4706
1022 7853 4078
1840 3948 5808
5288 5835 954
9712 6452 5333
6663 6612 851
273 817 8441
8811 6887 4484
6107 9007 6710
2776 3618 4384
626 2557 1798
1581 4864 7084
4214 3612 8623
5823 1944 945
689 8291 1368
5736 2322 2244
2424 5515 2412
1637 4296 1508
3351 8914 3111
3173 1146 7768
7083 3463 7636
2161 5220 2425
2828 4717 4666
9845 659 2121
1259 3159 9988
5613 5355 794
5051 5381 1851
2012 3472 6652
1490 4983 2462
6136 2096 5436
1415 2392 3443
257 1995 8931
8690 1912 913
3132 1005 295
5821 8606 4653
5765 3917 9914
2116 4117 1385
178 2760 1619
8235 6882 6697
2272 7710 8484
3008 5560 3914
6658 7395 6372
3440 1278 2910
3379 2798 4551
8061 6909 3385
3104 7065 4295
7765 4427 3717
921 8660 3462
1483 1797 3243
1475 3079 4461
1388 727 7044
5999 4119 5854
5166 6110 3873
4968 9081 5976
4360 56 1591
2454 2331 164
4845 9809 7427
4103 407 1797
1356 7168 8309
1350 413 7277
8187 3580 9851
6900 9342 6745
1608 7649 9793
8854 8145 8733
6709 8113 1893
9897 8018 206
1152 2196 2334
3914 9147 5477
5773 2943 4917
7986 1428 8880
8334 7941 3113
3677 3885 5335
1782 6944 1449
9657 5520 4259
2011 7985 1889
4735 224 9004
5296 5716 2608
5620 5802 5576
8297 5075 5513
4752 3653 6104
5173 2588 3866
2028 777 2881
6388 6747 304
4253 573 4300
1556 457 2994
5487 5651 1617
6073 32 8480
6523 8023 4749
4333 1350 2248
6153 10 3367
2391 2585 9669
8610 922 6419
8733 7091 819
7343 1687 4124
5572 2614 928
8173 9122 229
6556 6548 4038
6108 518 9052
6370 1908 7980
2367 6431 3843
1125 7642 6449
3807 6801 3122
9028 3057 3423
3080 4508 4244
6341 2816 5419
6213 8961 9815
7243 2413 2757
3001 1037 8466
4983 7049 3278
2643 8433 4940
8165 4979 2441
6212 444 1571
2782 217 1906
8120 1204 710
6199 1062 9157
119 741 3065
7444 7633 1326
353 346 4810
313 6879 7243
1771 1199 9580
8962 127 940
2620 5406 6826
5826 4646 708
4312 2301 6711
3792 2565 1772
4961 5955 7391
4997 1583 3400
7708 3286 8465
9230 6920 7275
4926 4511 1175
9708 3192 9454
93 8561 5965
7347 5757 2580
8882 2760 321
2083 400 4022
4330 7412 3412
8486 6512 7159
829 9229 4983
9735 5322 1044
2937 9790 5713
2154 7989 3993
967 6631 1867
6560 7987 8079
2540 5378 1326
4255 6227 7452
2942 1489 998
1132 480 5834
422 9974 8558
8294 1597 2974
9875 2741 2045
5502 7468 3218
3405 6828 8427
3092 467 6919
9959 8377 9205
5190 3552 473
1921 8049 2768
8298 2649 2431
2003 8665 152
9345 3492 5041
2444 500 4090
5315 2615 4622
9574 8246 1097
788 2518 6124
6234 7912 6475
655 7665 456
3667 4574 4709
5348 5545 3651
6763 6396 7711
5135 583 7703
842 1149 3578
7017 192 1013
1175 5081 2739
578 3984 8362
2757 4532 4093
5987 8123 5586
2002 6302 738
9119 1379 7517
8054 9304 4199
5661 1137 4072
1088 7672 6402
2 3606 5355
9120 9342 3601
6145 6079 1324
7659 310 6191
3435 8683 529
6387 1252 6639
9243 4368 8444
9539 5707 3959
389 56 8596
1629 8803 1505
1393 7453 4340
3926 3828 3351
516 1766 7093
1645 8819 5208
6162 7384 6095
7343 1980 9220
7698 6573 531
2297 9982 9846
1679 8708 3408
3508 2300 3772
2795 4030 3937
1955 89 2362
3543 7063 5665
1755 1704 2445
5526 545 6072
4936 7664 7611
9494 6819 8779
3885 2568 4166
9254 2880 1584
9546 8401 8179
3952 1889 6341
6527 2196 1438
1041 1588 1963
9598 3579 8013
1753 1632 1602
1788 9619 2307
1824 6463 9042
9560 7975 5442
904 2109 1142
4375 3477 5028
6936 329 3843
4518 3975 7105
7229 4451 440
1952 6142 2560
3960 3423 1561
27 3870 2846
7616 6308 6206
9077 8917 33
2163 1290 3806
893 879 2013
11 281 5044
8715 6397 2131
1391 5068 3518
2705 7497 1662
3466 6999 9502
6125 8499 5258
1007 6017 125
9174 4018 2203
673 147 1056
8501 6729 2643
7197 2691 4988
9103 308 5440
4334 920 3852
1945 8721 2186
4779 5230 6838
6501 5813 2075
7920 3223 9211
9608 397 4573
7979 8550 9425
6125 4730 6565
23 1118 1054
6581 1910 1006
1852 149 7827
5030 7022 864
717 2876 3766
7348 747 9167
6055 1386 2898
9207 8814 2449
8324 1604 4801
35 3692 5657
3707 7919 1824
2022 3320 6816
2594 5296 9896
7562 9766 7854
7669 6666 2726
6156 2597 286
5098 9321 8534
374 7729 2512
5299 1575 1295
5287 5748 5910
9196 6052 939
7186 1143 8961
7835 3684 8296
6784 7096 5896
7599 1903 4850
3800 4775 1917
7158 5356 9030
9775 6100 4674
3548 9052 7199
4887 5323 6389
1202 600 39
3867 6549 5600
6142 1229 4940
3718 9446 606
9480 7956 5213
6743 2175 486
4569 1297 932
1960 7986 2378
634 8670 7368
6505 684 2635
5624 1071 8961
3456 4695 7589
3488 6469 4979
4701 1362 2584
4986 657 1651
6248 3919 1602
6260 9936 2001
9275 7924 8914
6446 9907 4737
5228 1242 7527
7116 6764 9208
5076 1932 3333
8046 5420 372
2300 1372 9815
8408 714 1773
9939 2454 4098
5930 2300 5249
2115 1311 7583
4556 7320 1969
3041 8655 1882
8086 263 8198
6257 8582 1220
1455 4719 1709
3401 3471 8315
2966 3297 2760
2448 4110 8987
1204 6093 9513
9678 6132 9163
9272 1851 908
5894 1403 2537
6648 9204 8162
7611 5984 3891
9314 3533 7269
7222 4369 3772
1404 1476 8669
2698 2149 1438
524 676 189
9228 4641 5178
4149 741 2550
6326 9328 98
6912 7358 1590
1593 8774 5608
2210 1191 5726
2325 8579 1790
5216 1012 2577
4460 4480 6430
4044 7853 1539
4288 2310 2006
1209 5064 768
2625 3328 890
7620 375 1329
4677 7392 9099
1526 4336 2729
9535 4788 2594
5513 528 2184
944 4385 9582
6663 1970 8747
2381 1813 3294
7144 1433 4783
3078 4211 3879
5859 688 2246
5813 6046 53
2633 1668 938
5506 8370 6881
6122 7142 4277
1084 8575 4135
6087 3075 1607
3460 3593 9288
8624 2609 6670
4752 1987 2139
8975 1393 8670
9942 5967 9334
1126 9603 4077
2243 2414 203
2299 1761 1562
4497 1393 699
7547 229 4204
840 3498 1165
2224 5622 4482
5616 5904 3452
5010 2476 327
7404 2018 1683
8503 1076 8860
3971 3149 9981
9940 7231 3663
9863 5599 7942
808 3030 3379
7240 5955 7217
2025 2920 5869
2227 6355 7118
621 4751 8391
933 9734 2642
1442 1994 4152
3868 4004 3701
7781 3957 9974
1545 8202 6909
6938 2769 6041
506 5531 9518
7671 7002 1353
3651 9462 304
9246 7281 5679
4859 3677 9952
5194 3421 7122
51 4778 1222
5113 7288 382
132 6601 7815
609 2050 3507
8273 5773 6659
9652 645 7021
4105 8498 3677
5547 989 3345
2539 4092 5211
7534 9534 7119
1467 2622 7333
2555 8805 2395
2195 927 1976
7176 1244 1761
3410 1407 3688
9893 7511 4133
4168 3693 8141
6307 75 5828
3644 5585 3268
4762 1352 5481
2611 1875 20
3677 8431 8188
6005 5029 2322
8101 415 2015
1606 224 3919
2345 5081 2890
55 5804 2744
2262 1826 475
9152 5987 9677
125 3994 1383
4309 7240 607
7918 337 4360
7716 1544 7771
4593 391 5730
7315 9199 7557
4635 161 595
2316 2977 5597
4998 1710 9610
711 2752 1989
4502 8442 6106
4808 7201 3165
6981 7800 3071
4470 1034 1654
9402 8546 2005
2604 2654 8021
3161 1616 133
1833 1338 5698
7671 2939 5749
6440 5351 2216
3695 1155 1834
7391 6310 1000
3128 9371 7276
537 578 7765
3531 1769 8266
9191 8679 7588
256 9067 3501
8241 6955 5263
7086 6995 5583
1709 7851 8621
3003 8947 7621
2291 6330 3623
615 8389 5838
4421 6170 4464
1844 6564 1000
1298 7059 1163
4982 1606 1312
8791 2120 8828
9538 9798 3472
1739 5027 7235
9288 3047 3981
907 8269 4190
1928 611 2131
3936 7176 6138
2942 7088 6079
709 5505 2142
7404 884 9380
6598 5490 7610
8368 9921 7013
578 3258 8826
1399 4731 924
1601 296 1179
8067 2136 5830
7171 6618 1553
3549 849 8313
2511 8877 2494
2518 3950 6184
1418 4948 1234
6031 2689 2263
5763 1460 2933
8370 7992 1921
9315 9711 8407
3471 9828 9214
7379 577 2149
5074 6283 6221
7541 5470 4716
5091 8511 7356
1989 8193 8223
320 191 7056
8666 7933 4709
3053 4730 7795
8101 2572 4012
9841 6151 1726
7659 6864 1200
249 2115 3253
2570 969 9288
1939 1008 5544
9120 2168 1046
6424 3699 3982
8634 5218 5728
1045 681 5753
1655 9303 1832
1755 287 2050
27 137 4175
1928 18 8496
3026 8022 5384
5363 6818 904
6620 7802 6309
5460 8792 8864
1702 3635 8901
6793 504 8599
6852 115 6329
4797 272 8439
9666 2848 7035
7049 4302 7759
2409 8513 753
3943 8130 9291
7037 8873 155
9827 1801 5130
9348 2364 4880
2646 6424 7162
6755 1558 4727
3348 7093 5300
2179 8724 4928
1754 7160 2323
497 8017 9538
8081 6784 5464
3423 4380 720
186 1423 5137
8815 9513 4294
2294 3238 8588
5776 87 3920
3824 5822 4823
7022 2039 8005
701 6222 8447
2157 867 2218
8549 5593 2017
3475 4384 3860
1106 4981 673
9097 9779 9571
494 286 2809
4547 7741 756
7334 953 6963
2555 2608 9491
7431 8131 4873
4192 2774 1428
7553 7801 6304
125 1313 8722
5437 4564 5232
4531 6085 6868
1645 4043 1259
2999 3065 5540
2625 8843 1799
6442 8569 3163
2864 1855 8267
6733 5218 7239
667 5153 4838
2740 5481 1324
8089 7667 1683
7574 3753 5946
8060 8452 4498
778 8379 2565
5118 1350 9286
8143 6969 1984
6041 1914 5049
7969 1076 4536
6389 65 6363
6800 3483 9270
1524 7910 4544
3374 4691 3102
353 338 2092
925 4158 6433
764 7064 7948
3785 1768 2568
6494 1691 5972
5680 9170 3868
1495 8585 767
3430 1194 3256
3072 284 3977
6950 2619 6368
6622 5320 8277
2672 3849 9312
184 989 4071
8167 1571 8181
617 7007 9871
9591 1360 7977
2775 4046 2287
5434 1792 1993
8300 1082 1758
427 7279 5976
824 4259 8992
3400 439 2351
5633 1545 9235
6170 262 4683
969 1642 9940
4000 3504 7978
1415 4628 5142
4039 7526 3147
6553 6863 1741
8363 6764 1161
7979 7039 8502
4987 276 8445
8647 7954 9104
2305 9988 2069
3798 2398 8256
1504 6190 169
3770 4055 9474
173 3347 2778
6374 6907 1634
3628 3859 9567
428 79 4914
5756 229 7795
6800 3077 8849
668 2109 4775
4044 8678 1590
140 2465 954
9446 1500 4552
4402 210 6344
2996 7069 3498
2242 6804 8494
4148 7771 9620
8928 4635 1275
4726 5272 2469
7645 176 1957
9905 2869 1997
5253 3475 9762
7422 7163 3261
3594 420 6516
1444 2579 3399
3031 5699 3923
6819 2577 1918
5783 1101 5597
900 6845 5049
754 7597 8906
271 4029 38
4349 6012 2681
9363 4200 3901
8049 8519 3294
3777 4133 9941
8343 1993 2486
6685 463 3417
139 7178 7698
719 3883 9330
4168 1640 2595
9660 9621 1420
447 5082 3375
5874 1295 6000
2573 6410 4954
559 6698 4988
9251 520 1889
4940 1618 1346
3727 3847 7070
6557 988 8383
9098 3045 7840
7820 8636 283
4348 938 6965
2036 1152 8631
1236 9753 5056
8021 2720 6971
6390 9213 472
8166 1793 1539
2075 4181 7018
2395 686 9462
9132 4661 5993
8501 9449 1315
4987 997 8252
1006 2058 999
2920 9600 5492
541 7790 9100
4786 2234 6207
6251 1692 2308
1497 2509 8361
5665 6575 7404
8489 9909 5897
2705 2920 3522
3490 8508 1384
1131 4143 1119
498 183 835
6209 7775 1948
6419 6312 7615
638 2465 9058
7154 2808 2987
1529 6757 1360
2278 5137 1841
8877 1141 7591
2817 1206 6349
8785 1493 8602
8686 6782 1448
8417 610 9258
1968 417 2573
582 1490 7636
8299 7234 972
6934 165 8098
8250 7523 8184
9143 5583 8333
8545 8925 2100
4854 7993 1468
9407 9940 1164
5374 1138 8632
5866 6118 5981
2026 8664 8723
9645 4015 6006
513 5717 1208
7609 71 5945
1789 9121 5316
3311 8702 4395
7721 6781 8794
7009 2185 4107
3218 8779 5425
7563 4637 7401
705 6270 8244
997 9457 3776
4985 7993 8915
8535 9948 8927
6114 4384 4076
2898 5354 2415
541 7742 4676
5757 4854 5850
5885 4667 4986
3130 5076 2420
1297 2019 9965
4399 9137 770
4426 9481 6833
7218 1532 2938
6411 231 9501
7964 4550 6004
9745 876 6651
6991 381 6616
4801 6647 106
372 707 4306
9399 5965 132
9180 6791 3422
7987 1422 2764
3272 3118 920
6538 7175 9897
1951 1471 5424
2152 3007 7608
4950 9789 2641
303 7891 2530
4462 8183 3426
1244 4769 9706
2180 8866 9994
138 8614 622
8460 8141 1221
4137 5194 9909
8459 9932 3748
1855 6456 6109
873 3337 4961
1525 6015 2191
4614 8459 5456
5273 3735 9458
8521 963 467
5388 4412 1112
1195 7475 7318
2073 5532 7754
4723 4387 2313
5807 7471 4523
3113 53 1895
304 9388 535
5805 2669 6876
1804 3370 8871
1651 233 6325
7839 1298 1538
3606 843 8110
1439 840 3567
2876 2000 944
3886 714 4095
5396 1276 1621
9081 1392 6240
85 56 994
9259 4274 2658
2032 1709 3030
1071 7993 1682
3139 9264 61
4869 8621 8978
1024 7974 4070
22 2540 4434
6628 8638 2403
649 3304 4621
5171 392 3901
5117 289 9503
1572 9695 9879
5452 7952 668
2994 8437 7420
7866 5075 1795
6890 4878 6338
7545 8547 5830
4373 3935 8833
408 933 9828
9385 328 2873
9277 5927 1962
6387 6132 9320
1793 1609 2602
7189 3343 9550
1424 7497 3897
9103 8890 8597
5944 3567 5827
6690 6316 2739
2774 200 9218
1648 4599 9535
6297 1228 7445
1107 3209 2871
3830 1249 418
5120 7668 3168
1877 4507 4194
3026 9263 4650
8681 3787 8442
9272 5107 9387
4264 3992 850
5691 4301 132
7591 2549 2850
1209 1981 7453
684 2298 2172
911 505 3894
46 5791 5262
3054 9264 1447
7299 7857 4311
7894 379 1166
9140 8568 8111
6177 3544 2186
511 913 4432
6260 7639 8785
4702 8983 8141
203 2732 6100
9318 1374 5948
4496 4443 5524
5153 4987 4338
9312 5707 7227
8372 9193 7664
1201 1530 4732
3001 4247 2074
4474 7096 6040
7217 7722 653
6746 9143 4295
295 2504 3129
1110 2356 9574
612 7775 2433
2679 1029 6411
2175 9129 5533
3852 1771 8876
8182 7300 6252
1865 7502 4782
2049 2954 1813
3619 4961 9319
9835 1187 9807
1327 7105 7877
7800 7708 8513
804 2989 2587
6414 4862 7995
3558 897 7121
1121 2928 3883
2126 741 9692
5260 1275 5240
5938 1291 2311
2510 6257 7669
4315 4971 1240
4164 928 1220
2333 295 5008
5531 2560 6069
2624 1304 7368
8908 6416 1246
3920 1843 9249
9487 9615 1934
6011 3271 2647
4950 7108 9571
5905 1803 1579
9206 4560 3120
6601 4533 1778
5845 365 9480
1196 2700 8054
9374 575 3698
8245 3511 6113
7257 4009 9240
2613 9483 25
2128 573 5838
1784 4188 6997
3026 3509 8207
1916 6144 7806
2577 7838 2621
109 3540 2130
3172 6451 919
5106 5704 3204
6489 7334 1283
5125 9983 3087
4343 1595 1507
9948 6555 3429
6514 7440 1613
6923 3130 636
274 9559 538
3029 1083 745
2260 6303 4538
3880 7079 644
5512 4106 9398
6153 1885 3146
5040 585 2231
1226 5404 1044
1235 9409 3868
4896 252 9179
6012 9537 6031
6337 4351 7563
8383 7789 765
4232 1147 5123
5582 3268 6082
1531 879 7618
1130 3920 4382
3430 1066 2142
4667 9830 2564
3233 3141 1773
4025 7686 4452
3423 8541 6950
3361 2302 7785
4273 7084 9395
6925 6774 7124
8402 6425 7630
9746 2016 1759
5597 2654 6203
7992 5018 4841
5304 4672 8784
116 5898 5196
5220 6337 3129
1290 4811 9223
1855 6573 3624
9319 6209 4040
1600 1361 2471
2224 3009 7295
7459 8867 1648
2053 5117 557
5152 9087 7559
8574 5673 4722
7439 9746 1838
1504 4082 6350
8119 4425 8504
5116 7432 2378
8467 283 1531
5063 1569 2757
2853 507 9015
1902 5087 3287
3830 966 4933
778 9678 177
3013 7766 425
7144 6784 4583
1454 9489 2488
1488 6435 7294
1127 3103 2182
3953 1009 2153
9485 8107 600
4135 1110 1767
7647 7066 8360
6982 3166 4739
2815 1152 9554
4603 9751 7801
3070 1496 9429
5010 788 4097
5954 6119 4821
9417 1261 2185
6287 4942 9289
3628 4043 769
1190 7658 43
6341 386 9736
1189 455 392
2561 2436 2044
3589 6822 2444
6906 8748 3572
5123 4300 7203
9010 1316 4455
8837 7219 1254
8898 1821 5187
2492 2338 3337
8608 2128 762
6892 7476 1414
4774 2973 171
7085 5397 6288
7239 9578 5919
9874 1842 586
6183 6486 9669
8568 7155 163
5768 8122 3054
6269 2614 5994
4397 6049 9378
1826 3995 2671
938 6769 3048
4314 245 6979
6383 5264 4045
1632 8822 4889
6163 7082 722
2648 2496 6423
4004 9884 4355
7662 5 259
7619 2770 2468
3418 2940 1986
7769 16 1216
32 6189 3455
1250 2794 19
1885 8670 5871
4946 4150 507
5276 7680 4515
8042 4411 554
8534 571 1099
3286 1281 2835
8024 2398 6558
4439 5146 351
5871 9550 8279
5238 9866 7355
8928 8603 954
2477 8411 9204
8036 3802 4084
1789 6223 356
2859 2577 419
9737 9803 2844
6842 6930 6907
1246 3865 7673
671 2840 3270
1724 6729 2272
9887 4935 6203
1449 8989 9936
4898 9076 7806
1941 9845 8930
1128 833 2502
6031 6726 9247
4660 1200 2171
5406 2157 161
5079 9824 1198
9624 2385 1676
745 4585 6996
7930 8100 3261
9964 4837 8973
9857 969 6041
8491 5197 7856
6268 8019 6589
4542 459 6242
2315 4724 6559
9856 6181 991
9514 804 5407
1433 5723 1443
9490 6110 7081
167 8576 1502
4339 8573 7535
9082 8465 3119
9467 3093 8964
8633 1553 9132
5694 7067 1578
1162 5928 1187
2433 4421 3045
5934 5467 2550
5588 3056 1732
648 9708 9665
9216 5621 5642
2462 9098 42
5392 718 1752
7994 5841 6348
7186 5874 1637
9898 1797 3467
3206 1508 5040
7061 463 1462
2010 9546 9189
2457 3411 8672
1744 728 6196
107 5520 2286
1839 5484 9607
5591 7179 4594
1056 9158 824
405 2972 6389
2426 607 8605
1228 3568 9125
6418 1256 6944
3345 7956 8800
818 288 8013
7178 1739 7110
4849 2759 9127
9950 8733 3427
3799 3760 7564
2281 8506 967
3165 6418 9744
9366 9599 4827
6142 414 7963
3046 666 3928
1018 8700 1403
4268 7790 2637
3148 7377 9331
3978 3504 4711
332 7899 6492
7254 2888 2158
7894 3176 4076
743 3069 217
1616 1374 2343
1276 5743 467
8455 6 1523
2664 2051 6313
1534 9615 6448
7538 505 5563
8130 9576 8413
9385 881 6961
318 1178 9409
9619 5701 2377
2410 1065 9222
6517 4983 854
9127 9677 253
9855 9488 1926
6783 6585 6590
2784 3142 9673
9343 2769 4548
5831 712 8039
4491 6874 6854
4100 9478 1388
5839 8151 2103
694 288 1339
7598 139 9910
2192 4158 4610
5349 8487 8077
3906 8372 3224
2902 7384 5026
238 5758 8491
1968 2309 9190
324 9694 1655
7314 5618 2430
8244 7680 5679
711 8645 7968
1732 2523 429
2072 4251 3374
8925 7664 2392
8602 882 3144
1049 1927 539
6404 5189 8514
9129 489 7141
5277 3145 850
5008 7743 2345
8947 5756 50
1859 5857 7948
1313 8571 4891
2779 2519 4382
6448 6481 870
1794 3063 4879
3700 3347 9486
172 4777 3892
8063 1992 2760
1682 8283 7108
4332 820 2149
7330 2689 682
5224 1957 7981
7235 8590 2830
927 4648 4739
3748 7687 7898
2181 755 1984
6563 1563 8240
6901 4197 4623
4956 9100 3005
8878 245 5873
5432 2454 7971
2178 7616 162
6854 6392 6395
5556 1985 3598
8865 723 1254
5645 8279 6916
681 2578 2631
1372 9866 3744
8830 7113 3878
4934 458 1538
7652 6928 8331
3838 5245 9656
61 472 2350
3576 394 852
4109 529 8944
9310 2591 1147
2695 5943 6673
9882 1109 286
5751 41 2449
1690 661 5371
986 9282 1173
8955 9536 4885
6099 2156 3729
4484 9827 6279
8488 772 2307
6174 4054 1188
1769 5166 426
5345 1817 8085
3872 5473 989
9731 2065 6302
150 9065 8056
1987 4172 4126
9020 9446 2399
5480 7223 7830
9928 9984 1781
563 6593 3514
1244 5012 7417
5055 5512 4364
40 7603 6471
946 3984 4013
3409 8794 4172
7137 4229 7450
9656 7058 4135
4002 7622 3538
5692 882 7876
3443 4162 7935
6013 423 2067
4672 4827 3798
424 3150 5557
4855 79 7339
8063 1583 775
4900 9174 1703
2501 2915 1273
1413 4899 4044
2927 6393 8872
4043 542 2221
3783 9974 6088
5595 3755 9576
1433 1745 5713
1875 1347 9209
4222 5350 105
3682 2675 2011
5706 9902 3409
4776 5644 221
7704 2106 3594
3394 6579 1154
6963 9130 69
7262 6211 8604
2117 4859 43
8920 75 3592
8448 1729 8674
79 750 4242
9769 7732 6047
7510 1906 5217
1378 6205 1926
8711 6351 6886
1687 7992 8517
5371 9915 6373
2532 4224 2192
7806 1470 1279
204 212 292
7204 8921 4462
6396 1523 1533
2341 1974 5700
618 166 806
8643 8534 2100
2224 5454 949
6835 6494 6535
9095 9629 2711
8701 2670 5480
8300 2633 3190
834 9337 2628
1429 9603 4670
1674 6577 2735
7137 7042 6576
2421 208 502
6627 808 7211
9240 9434 2049
528 1166 3104
2012 2654 1274
372 5136 5698
720 490 1441
8791 5876 9537
6922 1741 967
1263 1358 4087
4989 1112 8287
9740 1176 6704
2358 7951 1821
3815 7714 2907
3512 8717 668
2344 3541 4207
9952 864 1053
2636 5120 5126
521 6475 590
1062 5182 2988
9317 5483 8233
4258 5331 6742
1739 3087 3028
1964 7285 8483
1767 138 6029
5152 97 8967
1086 4359 4058
5114 9004 658
4710 4994 7005
444 1648 2867
6322 2581 3729
1825 6573 2588
7762 1774 9088
5686 5625 4396
2418 8645 936
1445 4933 33
757 9723 861
6034 9562 2824
3630 6299 1791
2439 5013 4107
1132 292 2964
3226 8498 2829
1821 6881 3533
7148 4747 1836
4453 4319 4623
6212 2040 4317
3410 9888 9599
1538 7868 7751
9391 4184 9434
303 28 868
1709 686 8707
6165 6614 700
2413 877 9871
6244 481 1760
3189 535 6772
3069 2182 4744
9244 9530 9751
9131 1434 976
4420 2558 2825
6715 5237 1517
39 3975 1773
6284 2052 3056
7171 6054 8985
4563 1399 7390
680 1550 8949
2920 3556 84
7335 5548 7201
6028 5238 8365
7330 4897 6396
3655 4098 36
523 8072 3416
2630 1995 1113
9403 3644 624
4675 2134 1671
799 1653 177
9804 9502 2451
9631 2103 1268
4773 3505 659
5841 3773 9603
843 1823 608
4834 8207 508
7774 4014 2116
986 9672 757
8529 6918 5828
7173 245 5343
1161 3769 411
715 38 7549
1098 2791 9453
8412 2792 1132
7424 7856 7578
2617 5643 9946
663 8281 6462
9550 1151 2220
2332 8089 1005
5158 5084 1232
7552 2313 1677
5326 6346 8059
1122 8531 5771
17 5048 4275
2684 1161 2911
7913 7641 3841
8922 3553 3358
1199 168 438
1710 4798 5730
3329 1869 2117
9377 483 4431
5259 6970 4262
4931 2921 348
4873 9934 7427
2066 7958 21
2972 42 6930
3929 9606 5315
4801 5309 1676
8833 5855 8960
1878 6194 2733
4306 387 5133
3187 4891 9070
7497 9427 4657
6196 85 5542
3482 5186 6009
2686 9177 3077
5638 3274 4173
8435 3863 3175
1078 5522 4557
7250 3379 3330
6501 1413 8818
3680 7087 1932
2094 5226 4290
6285 1335 3243
2299 8636 2905
4262 7759 3478
5308 7751 9613
1045 3866 546
2052 8812 5149
9618 9667 4640
502 9287 5119
7078 2334 6153
4781 3153 2555
7385 7321 8017
776 5061 1856
7821 7356 165
5188 1791 2363
3901 5552 6563
3574 6071 856
8245 5160 882
8175 8487 2510
1226 421 8514
7905 5591 8206
705 8102 9639
8267 1159 8329
5671 186 5208
3367 9486 2565
8683 2472 2874
3062 5761 1649
7946 408 8151
336 8615 7699
3340 8426 9783
607 5921 4311
3068 2199 6824
7975 8402 7124
9644 8991 9100
4908 7192 5030
1647 635 4019
3286 1558 8943
3147 1469 9096
7164 238 6251
3900 2977 4847
3398 909 8424
784 3543 4757
4783 2215 7445
4369 6298 492
3845 9178 8902
2930 8666 3475
6835 4708 5054
186 6488 9454
7192 8428 966
1157 8571 2149
5249 4541 440
878 9927 9868
1988 4297 4704
2326 9615 8097
4855 2589 8203
413 8110 4201
232 9236 6488
7289 4827 51
967 5853 222
7768 343 98
1838 5184 7848
7602 1581 3187
993 7125 9941
577 9884 7609
5778 762 7452
8531 7386 3544
3853 3375 5642
5364 9106 7457
5329 5105 5278
5765 4794 6235
2907 2574 3839
164 4762 5850
502 3000 5700
553 8529 6033
8030 5599 4292
6714 3206 1390
7201 30 1783
5312 9072 9346
5302 2493 2868
2012 2824 5292
2377 9005 7526
8265 876 47
5950 3579 373
1530 4162 916
5780 5313 2650
8539 5613 4115
1478 1276 7391
318 2650 7219
965 7563 3291
5363 1226 2984
2610 2710 2828
2291 604 7665
2774 4358 2563
7711 9043 2077
2371 5544 34
390 5094 7497
4566 8041 66
3738 192 5029
6021 4361 7566
844 2174 7704
8405 7949 7522
5562 1864 99
3528 8339 5265
3156 710 3945
8254 1248 8988
6760 1460 3092
6851 4767 2079
3774 915 7231
6628 8347 2555
2432 1301 93
1718 3170 5222
7562 7258 804
8592 5248 4399
4730 5780 2454
5391 9319 4796
7189 7213 5361
3994 3416 7365
6647 4265 2598
5184 9165 7485
4977 9157 2158
5398 5483 1541
1262 6718 592
4927 724 6196
4757 3840 6315
5825 4000 5005
8152 6229 9150
2286 5012 9095
852 1037 2895
2509 6631 669
8634 1144 860
4748 5950 1880
9601 1782 6561
506 2852 2946
8787 992 9592
1644 598 5289
4546 1997 6932
1574 6462 6775
5750 6567 7896
2789 4272 2512
7139 778 5192
4470 1896 2713
4105 8994 1563
7275 9146 6173
878 6277 3150
8245 9727 202
1054 2586 2259
7899 5178 6151
9641 6111 331
5132 2117 8073
146 187 5378
8620 8745 3645
3680 2934 8416
9699 3596 5183
7620 7487 2341
1301 1214 844
6180 1801 9400
232 6246 1165
9607 3307 9566
8346 5439 733
2771 3017 2787
2414 2508 9717
7018 9578 581
2587 6405 689
1993 1745 8179
5112 6845 1655
5110 3097 3937
9935 5727 544
8471 1895 5812
6182 4569 2302
8138 915 2947
9373 1130 2158
7250 484 7568
4095 4414 2746
803 7775 8227
8764 5070 9951
3998 2928 6531
2848 4593 4462
2640 663 6734
4251 4268 669
1212 9762 2538
8724 6432 2989
6580 7210 2911
1731 277 3976
9873 8615 9667
2980 391 5681
4732 7012 8237
2636 4126 2781
3656 881 5393
3490 9201 4332
6803 4124 7109
6526 4514 4266
1115 3522 1054
2801 2305 4115
6962 4895 5352
1306 920 7122
7853 6057 7366
5031 161 3816
8254 2156 3127
1144 3414 5068
458 6397 8624
9046 2154 9720
508 7168 8526
3810 4821 4769
7859 7895 9007
9895 5603 4277
5351 2483 1486
8577 1670 9893
7587 2981 1113
4088 5423 8692
1925 4978 2623
4439 1092 1142
5847 1709 6583
2552 2882 9769
4150 8382 3653
8365 108 1220
9469 1855 2782
6225 5011 5410
8238 1606 7137
5214 7402 1808
2059 415 7885
1350 6936 1698
7892 8977 3562
5635 6005 8120
7779 7136 4151
8526 2237 4447
2507 7631 1341
6352 8845 5329
1397 3349 2978
1327 70 7966
8128 288 8546
6384 6659 310
1269 5285 9377
702 7079 5166
949 821 993
2525 3448 657
7725 8285 6510
4518 2210 8995
156 4406 9668
9171 2986 2280
2005 1531 5803
5527 4608 8084
87 564 1053
4902 2620 5850
6962 136 6650
8194 1186 2295
3407 432 4683
1361 2357 5530
7004 6566 6138
595 7881 4267
8675 5948 2905
2832 379 1515
2340 1610 52
6126 7795 2214
7843 145 2103
4544 4224 8125
1589 1164 1735
1853 9177 8817
1964 81 8027
694 9229 7720
9080 4125 64
3320 2583 2705
8694 4366 8506
6830 3469 2359
7518 3832 813
4630 3402 3991
3515 202 2787
3926 4813 3926
1689 6029 7732
1636 1408 6955
5514 6817 3565
1370 3602 5263
76 3626 3774
900 2428 5349
2573 8052 5394
4065 7210 1329
9588 6171 4809
5481 8104 3884
2791 7608 5547
2999 9991 1699
9478 4916 2382
6352 8383 3059
6386 2015 5484
1277 9320 984
3226 7548 8495
8385 1627 1505
2279 9125 2834
4958 1258 7523
1063 9468 2196
2454 4044 6239
9613 1214 3740
8212 8047 493
6208 1833 7719
4123 6905 2232
4567 7710 1015
2027 3469 4709
3822 9407 7182
8951 7531 7996
9305 3704 8590
2868 6410 4168
3440 1215 9913
1482 183 5510
2378 3900 5361
525 1413 1633
3248 3642 4172
3048 7051 4112
2496 907 7860
9567 8455 3443
9303 2814 1022
805 6365 2387
327 2301 2715
7320 3755 3621
3587 5633 7362
9473 7184 1811
7683 150 8131
1707 7419 3086
9526 4252 6629
9718 7015 4186
1944 1092 2788
9717 813 1425
1650 4170 2664
7409 3950 7716
8471 1757 1814
2001 5437 874
1395 1793 8464
5102 6518 8043
2715 87 5472
6046 4059 5497
6189 9328 1468
6423 8225 5429
2612 3623 1928
7888 2664 7535
6136 266 8181
7006 1486 379
8515 4590 9703
3125 2092 7128
5432 9747 7644
3289 3462 7212
5542 961 8444
2729 8571 776
9457 4937 2064
3278 199 1249
1926 1656 6820
6732 7705 6441
7418 8469 1198
9503 1137 2530
7615 762 1879
5570 330 1716
9360 9618 8526
9975 5743 8778
1630 5975 8693
6188 8831 7887
190 1180 75
8438 5591 694
8593 807 8898
7141 3997 7110
5498 3965 4402
1418 6405 5540
763 3249 9279
9632 3183 7500
7555 7477 925
4448 9364 9289
9238 1246 2410
5041 2158 5668
4553 2552 17
4953 1469 4579
9581 7040 2632
1257 2927 6587
4702 61 807
3744 68 9474
601 1805 450
4086 5006 8473
2251 356 8135
8571 9809 3985
1388 2033 8189
3706 3673 6104
1524 5896 2747
4464 6684 6441
5500 2627 1070
5227 2335 4564
8624 6182 5074
5563 6635 3864
7858 4614 1437
7340 105 4068
8754 1900 9027
1901 8016 4606
467 5827 4951
2394 488 8473
3757 5717 5525
6488 7518 7416
382 5397 5690
2521 2097 901
552 8756 3243
600 7180 6257
6486 4534 9116
1296 3174 1229
1245 2080 789
8628 3325 2262
3585 313 9884
8770 6214 2258
1592 2032 4547
5013 4862 2169
5297 6472 493
6159 3831 9932
4893 8759 6252
3382 9664 2473
6562 3471 1312
9083 5106 1497
7849 2482 4064
1486 5384 5680
1093 4584 8896
558 2944 2037
6525 9424 586
8378 4484 861
8427 5368 1603
4508 7203 7306
808 1521 8394
1567 928 2563
1622 8810 6015
1269 8598 2490
3652 1826 1409
7518 5082 9202
6668 1179 426
8352 904 3291
1971 3559 3149
7097 1329 2228
7628 8743 5510
5604 918 6211
4843 4730 5447
6821 8981 7643
6422 3762 6891
3416 4793 1029
798 1364 8491
6801 8186 250
8757 4217 5735
7915 6352 6810
3438 4475 1318
5431 206 1425
1487 7994 371
3766 462 8915
801 2747 9782
2336 1149 7134
6719 5537 791
6818 5829 1103
5584 3928 1725
6876 8353 9552
9026 4742 6704
9092 1540 9576
2278 1794 5783
8610 847 6893
2785 116 368
960 8943 483
4279 1706 2287
9974 7520 9255
7069 7226 8903
8062 9182 6904
1069 4373 4108
8025 5516 9547
209 9192 2831
6134 4760 2559
1754 6558 9601
6582 9101 5003
9108 4882 3245
5778 351 2732
1178 4786 996
6218 3810 8956
1613 3737 9414
7539 5263 92
1720 2006 8894
7924 3378 8387
9787 4075 2015
4260 1507 9296
8948 3307 4963
6189 3011 6907
2372 2760 1033
9551 1592 2522
1634 1686 1972
2234 507 1482
3230 6759 1180
2558 9542 4726
3253 4425 3075
6080 7718 4678
1724 168 675
5107 1834 2027
9741 2182 742
3111 7528 4306
1386 9387 7928
954 8121 5843
1262 870 8319
7650 4101 5309
7740 9569 2865
4733 9298 1543
4467 1029 8442
1518 3086 6989
2243 386 8234
3736 2354 3535
1283 48 6392
7786 9550 1672
465 2719 2547
2431 5725 3480
4113 497 8586
630 2628 964
207 9402 5980
7133 3322 2679
553 731 3410
5167 3427 4784
5083 6354 1680
5215 4991 2542
1049 2098 3766
4954 4713 4867
6967 9124 6399
4736 3711 2316
7981 445 8117
7199 1068 1140
6639 526 9072
2102 8977 490
4687 1951 4478
4440 6539 8377
4539 4422 6774
6397 6690 9924
7358 4818 3950
4875 6562 291
5237 6395 706
8002 4988 7157
3246 7941 2282
6260 1839 6314
7084 4506 2537
3539 808 2550
6592 8695 8814
7895 6644 998
6186 5524 9462
902 4290 7240
6610 3733 660
1573 4605 2367
6609 3646 2770
4552 1531 7584
5273 3681 5960
4957 6133 2533
7853 6490 866
5015 3252 1203
3517 9204 827
3797 1779 2450
1285 8756 7889
8290 7096 8243
406 9142 4725
7065 5545 9023
5539 48 2079
1248 74 264
5381 7115 3552
2499 4719 6628
2102 6610 6106
6590 2704 5299
2165 3473 6210
6012 4733 4485
6453 1790 7531
6221 7520 2719
4434 5575 2090
3698 5000 1290
4470 9617 2067
4267 4570 3529
2282 7760 62
5883 8686 4285
5614 1040 7798
1553 9973 7123
7443 2904 500
2569 5764 4169
5212 7392 4281
1517 7837 8867
764 775 3887
6959 8287 8370
7952 4470 40
1074 7757 6801
6504 4452 299
5779 177 8112
2353 1792 3642
8717 6057 1345
6935 828 3756
948 918 4752
6863 7651 1223
2137 7918 3998
3095 3956 3139
9615 3743 8748
3701 6679 9050
2102 6221 8296
9882 5115 6274
9245 5565 4330
6643 5169 9523
1653 9508 9807
4921 1315 5649
4975 945 5828
5898 80 4128
5063 7503 2096
7689 8065 1745
7420 8852 9798
4328 986 5741
3895 3184 2672
8156 1076 5840
3691 5762 2477
2885 5975 9336
1398 1722 1560
538 2723 8270
4445 2171 2493
3087 3358 5657
3030 9586 1424
9088 3931 1679
1709 8188 7492
1458 815 5809
1577 7497 6799
2602 6839 2032
3226 2074 6734
8860 3394 1346
9738 6069 8130
2412 624 6303
6372 6784 2793
5151 6270 2894
8028 6143 9883
1639 9048 1286
2934 8363 8251
9799 1549 8948
243 4962 5484
4905 9954 1400
7795 9555 1136
9678 2238 8488
3440 9553 1284
1845 4228 1438
3892 972 552
2173 8218 7553
6657 6793 7225
9140 1488 2306
6033 221 4529
3318 1180 6456
9320 5976 2567
571 7423 3389
5327 6880 8785
3535 2891 3023
8667 1213 8185
9823 8367 4046
649 7291 2903
9473 394 6239
8029 1634 8261
2133 6767 5116
6754 6253 4291
7440 7395 7830
1003 6710 7357
8462 2681 1229
7146 7452 9650
9085 7311 4624
3369 4687 8436
5490 1136 2662
79 3086 1119
5882 7081 1380
9918 3120 6142
2363 8154 7365
886 9445 4023
7548 3348 3538
6974 1206 7067
5173 3584 9917
8554 1232 476
4967 2890 2507
550 601 2373
8565 4787 5106
4485 4575 7629
854 1239 8321
4318 9472 1736
6534 7633 2260
7693 2167 3108
10 4565 7984
522 341 8450
1643 8666 9904
8225 470 1184
692 1545 940
7601 1994 8492
2721 9532 69
5188 8584 4260
8325 2606 2140
403 8955 167
5219 326 2916
1801 1930 5808
3253 9873 5382
4421 9077 9739
6420 7195 3323
1088 2046 4255
1890 6910 2941
7823 1847 3660
6887 5525 2226
5696 736 9665
8060 8185 2904
8840 6264 1759
3331 5564 7767
6534 935 3786
29 751 1491
9967 5800 5196
2373 727 7334
9421 4688 9146
9421 6367 7307
8254 3322 5251
2725 6067 2172
1503 5670 7774
1959 8243 6933
3115 8833 7380
2493 4834 8574
2779 4982 7544
6229 1731 80
7119 2650 2122
2950 1239 2693
664 9314 7163
435 4812 9052
7787 7146 537
8900 1167 9788
3993 4067 7818
3297 8781 6010
3079 5385 1448
1876 5137 2156
5473 7139 6498
8026 2851 3061
7549 7006 3712
309 3545 4246
5769 6747 533
420 2438 4368
5046 1837 7846
6133 2322 1538
5904 3738 73
6184 388 7633
8516 8813 4870
8125 2003 7208
547 694 7584
6372 3228 9950
288 5790 5009
1438 7532 3613
6893 4615 4313
5870 2158 9574
9109 9946 8392
3628 2593 7263
9217 1282 4487
7852 401 1826
9005 986 9497
1099 5622 7523
1653 8275 2736
9728 8165 8350
522 1484 1769
7337 7452 2621
1170 7517 5065
9977 5307 4274
1304 227 5860
700 5595 6785
8458 918 2065
8759 4017 1717
1905 7551 225
541 1104 9578
7369 606 4700
6190 6547 2643
1665 5581 2458
4788 7033 3753
6608 6720 9217
2687 5983 2909
1788 7458 523
8388 5951 8063
7518 1467 1510
3106 7703 2481
7949 1843 2008
6362 4020 6877
3103 8578 698
4200 6301 8923
8689 9400 8692
2386 3998 1067
3466 8562 5652
6911 682 2972
8515 2162 63
9609 834 3367
9573 5955 7162
2598 1344 8665
6889 169 2657
6138 8836 1776
1804 9139 2533
3636 7169 4871
6655 762 981
8658 5759 9107
4371 1054 2691
4531 5120 2196
147 3200 8151
1574 1729 3957
553 5873 5837
9282 1863 9369
3137 8466 5665
5735 6665 1201
5998 8241 6475
1370 9016 9838
1824 9245 3379
1812 1779 5588
2085 7382 6789
1680 2120 829
8828 834 193
5344 2387 2694
2318 7790 9660
8140 4569 8539
2950 2611 978
1109 4048 7435
2477 5823 1975
2648 455 7236
6506 2953 7910
3385 9892 2234
7712 5195 1378
9709 4166 6406
2687 25 3016
1454 9617 1036
7088 7290 805
8042 4074 6656
2293 7463 8388
3983 1078 4217
7717 2035 3794
7285 8167 1100
6282 2298 6235
9641 3587 6543
6399 381 7681
1494 1722 5881
3965 9234 1109
2344 1978 2180
6066 85 7391
7265 9336 4253
9879 8615 4614
4819 6103 3358
5954 4784 3188
9268 790 2314
8887 7124 7077
1466 2209 6063
1360 4835 2068
7618 921 5296
509 9154 41
990 9617 3398
8692 9727 2762
9422 4048 803
1129 5144 69
1489 5762 3171
9532 1186 7232
3227 9278 1293
7397 339 3685
5519 1499 3770
308 1836 7761
1011 2172 951
1441 4114 5370
6299 8025 4251
2102 4542 5539
7701 9071 2803
2462 2885 4243
5358 5024 545
9780 3465 6800
6980 1446 445
4254 2711 8141
6605 9220 5417
3444 1925 1188
1373 2391 9762
890 4168 4732
9915 5715 4533
2924 1520 5004
5400 1706 3952
1379 8383 1418
6430 1318 721
8926 4649 9085
4067 2150 6608
3661 5535 7856
997 2216 9412
1110 3981 7378
1178 9468 1249
1673 1064 5444
7146 7974 5658
7602 7009 8555
4058 6625 1894
6947 7328 6530
1107 8056 5697
7473 8608 2419
1016 6832 3234
156 2275 8317
7694 1326 7314
9616 3302 9008
7964 8271 7762
8361 2697 200
1581 6255 5362
1057 429 8129
7779 2800 2715
9707 9799 5216
5744 5663 9449
4940 4712 771
4501 924 6053
4544 6968 9725
2914 9279 161
2283 9710 7668
7492 7612 2455
7930 8363 5546
4406 9642 6370
3889 57 13
421 648 3204
8383 2416 8497
3410 3533 5517
9755 1022 794
8051 9475 5846
258 1887 7578
6043 9846 6216
7434 862 5627
9073 7286 6249
6480 1369 9974
8771 5809 3193
8384 4942 8320
1648 2637 3146
5630 5122 3799
1648 5039 245
3145 6468 7265
1761 4576 9745
7328 862 386
14 7672 7210
1612 5314 6668
1052 1235 4812
557 3643 6504
3911 5139 8778
2003 8358 9331
5122 3280 6125
6978 2238 9378
7408 2867 9179
1575 9139 3909
9774 2162 8694
228 5826 4732
9256 4293 9757
9759 1770 6140
8355 3334 9124
5403 5694 8755
6588 9896 4106
139 9260 5272
8689 510 1561
3531 6565 7425
8030 7420 100
6413 531 3482
9417 2406 6781
3125 2532 2393
678 382 2218
3863 9679 147
1619 5084 5559
9582 5302 3023
4104 5939 8620
1291 9006 2589
3213 6857 296
1934 1739 410
2904 8771 7425
2159 9199 250
774 9717 5784
940 9002 9740
6651 6968 3879
719 9592 8205
1514 8938 3524
776 4900 1729
3071 4424 106
2136 2165 4823
2672 3767 7703
8329 1146 8887
700 7247 823
1922 1780 3507
2738 6568 6183
4664 9889 1982
6669 2273 8226
7102 1374 6980
701 997 2291
2045 7364 3344
2649 6063 1302
9329 4456 8061
4969 3193 924
457 5049 1490
4006 7575 6621
5760 7626 5409
9225 2724 6737
2100 7081 4604
5167 4594 2288
7292 6542 3709
9014 2355 4270
6729 8313 1366
276 4760 5232
592 828 9539
4345 6590 1607
9519 8414 8372
4739 1495 2261
9049 261 713
5159 6371 9568
505 1264 8612
118 7604 6582
6326 7119 8801
657 7281 2512
9584 9708 9797
1996 433 3786
1473 3808 6298
1020 2936 7815
9791 1984 2554
331 1808 3278
972 8781 6615
8509 3039 556
879 7090 5567
3605 6631 9783
5615 3427 7295
1577 9222 6652
8501 5618 5995
9241 7829 2601
6946 7863 6149
3419 9486 9871
569 5265 6264
1869 2595 9832
9030 7051 8569
3526 2837 5372
9945 3264 2608
8234 7183 2206
2441 1522 3567
1517 3255 5184
8862 7725 4952
345 2854 4638
666 2870 6622
1809 722 7194
4413 7339 2881
6540 9632 136
7529 5526 2604
1626 1241 9242
9713 208 2189
9486 2337 1597
3076 5620 680
8312 4459 6922
3623 5893 335
3103 5981 7013
333 1631 473
4428 3493 6876
1786 1865 1734
1530 1003 9773
2112 3358 5557
9361 2902 3558
9264 2325 124
184 8990 1478
1316 5439 1077
5505 1281 7851
3509 2439 1434
3706 2560 3036
1792 3630 4328
917 6745 9547
9031 4504 2814
3426 7761 2276
7649 3032 1428
4395 9256 6348
3298 3328 4976
2563 6206 3225
8344 6737 7684
3182 1664 1578
2733 1596 8418
1946 3445 1879
153 5956 3055
290 4470 2013
1733 4654 9895
1980 6936 408
9874 2875 7574
3999 2156 8025
3753 9686 8981
8288 7984 5071
330 6046 5985
3119 5662 3163
2742 3887 2430
2288 4853 4243
3066 2513 6442
7178 9472 3474
8435 2955 1883
3947 8012 5229
3792 6904 665
1905 8774 7723
9504 34 5418
8798 8128 3492
9970 1726 7362
8553 4276 1585
3419 3033 3386
1348 5620 2792
1023 1382 5053
202 8888 9091
8291 4927 3045
186 4968 4510
2269 9072 2101
2504 4468 6744
4913 6669 4589
3720 1082 6347
9631 2944 5347
2017 1169 9104
9796 8366 6923
7980 303 6180
8581 3578 8811
8967 945 6188
5916 1132 5940
9736 114 8212
4361 2418 9575
7136 6531 3793
8394 364 1805
4830 4876 7662
1831 7042 5524
9851 7005 7079
6454 7756 305
8186 325 9877
317 7549 6522
1397 773 9000
2736 7260 5392
7728 3963 3225
6436 7443 7728
2540 1232 6822
6220 618 2282
9736 4529 7925
4557 8565 9200
4051 7359 2637
2136 2770 3933
8934 6346 5414
4496 4970 4518
1735 5544 7259
6848 6580 92
7022 294 4893
2417 5298 4735
7296 289 2957
5349 7207 1921
7383 5692 8072
4388 6395 5440
75 5810 4251
3369 7695 6916
4605 377 4013
6851 5410 4341
8614 7836 1765
686 7354 9724
6109 3256 472
7470 5451 2059
9245 3636 2830
4672 2832 982
1101 2163 2102
5091 1395 320
7876 837 2586
1920 3867 1476
8010 2985 1298
7630 3702 234
8789 4549 8372
2531 7652 184
2405 129 9728
5106 844 1461
3404 7399 4834
426 5952 7057
1455 3038 2664
2792 6344 4338
4337 289 8236
883 7819 9110
3091 9635 3988
3225 5027 2076
3429 7231 8474
5441 7587 945
5316 5689 6748
6055 4037 493
8448 1800 3901
280 5462 8638
8905 350 9009
6017 7350 673
345 7760 2544
4395 5920 7923
7238 1506 4616
5383 1364 7288
423 8638 5264
1961 9519 6690
4203 1005 3705
6106 6740 9330
3126 4510 9080
5206 5688 5662
1314 1906 9976
2936 4077 3367
8109 5690 961
6663 4224 2635
6484 3770 9843
2246 3219 565
847 2645 3226
2657 5811 6474
4556 9835 3420
4031 1297 1870
2512 3545 867
1346 6568 6851
9248 8903 760
557 8410 2754
1146 2146 1952
5487 1992 1923
5533 3901 1609
822 8177 681
8416 2331 1835
8336 5755 8856
882 4554 8248
8329 374 9027
4706 8167 1290
5433 5973 5547
9022 6624 774
3913 6291 6131
7185 8578 6691
8107 6080 5070
5085 666 1605
2378 7847 889
4052 5482 6012
6971 1867 4582
4545 1231 8562
9146 4498 7600
1115 1720 1559
3841 7347 2363
2413 3142 565
6577 6658 9768
1316 8724 7820
84 5297 6414
279 8712 1883
9724 9213 9413
9963 9144 1352
1780 3172 2314
5054 4236 9154
3943 7695 1592
759 3331 9383
2664 3455 2959
7016 9423 6326
9497 1766 236
1346 882 3598
137 4052 6347
4865 2148 5739
8517 2587 3764
4728 5674 7323
4239 7970 6378
896 6635 1131
6046 1330 5491
371 5626 5503
2107 7709 6480
9116 9604 2306
1179 4949 7932
7141 2191 604
8262 6556 2277
462 4182 6792
2156 6013 9852
9927 5303 5980
6808 968 1424
1176 3339 2078
2491 3634 7925
401 474 17
635 9603 215
9286 975 8219
1559 5669 1245
827 2054 7507
9409 2134 2757
4450 9177 3769
1165 2171 2406
7699 6602 6454
819 5551 6797
7374 681 5003
5833 8412 8767
4574 9302 2507
7500 2762 912
1261 2467 2305
7868 8060 1003
259 6113 4122
6854 2911 8842
291 3355 6606
9405 5464 1489
6790 4779 7870
7716 988 5074
4973 9218 5737
3573 5316 8996
6770 2293 1473
7423 5523 2961
9827 544 1442
8038 2021 3492
4330 1934 584
4757 8726 130
4300 2403 5847
5405 890 9493
512 1951 8145
1231 5537 4155
4706 8951 4103
5864 3055 9790
4583 2841 2156
3442 424 6459
3623 7446 1557
6569 1557 150
8054 8686 3015
8329 7938 3590
6679 6050 1552
988 9611 3402
4173 3966 7965
4225 3989 3373
8256 8417 1122
5925 673 769
4572 6227 7633
4917 5107 1537
6030 4089 6856
6254 2798 9460
9217 6639 8807
9596 7733 6026
1883 2780 8640
4416 4959 9913
2433 2661 2467
5632 9543 2723
2022 3894 793
272 9346 3872
6682 9941 2277
560 5652 9817
6627 7476 2294
8989 5603 1759
4713 8124 228
9928 7682 9156
1059 456 7172
839 4422 7762
8375 9372 1434
2303 6400 8261
4836 4635 1822
7218 9845 9837
4728 1064 8608
9170 8046 2592
1931 6002 5854
7995 3676 7716
7718 5155 4379
7791 3997 8348
4576 4149 8791
490 1970 4846
7754 7513 7958
5669 9416 4937
3866 2699 3039
6265 9786 5653
4700 1870 1105
1627 1154 2770
7917 8202 2882
1284 3083 4882
5980 1078 6057
9662 2705 9524
6128 3294 788
1443 6092 5559
2546 485 1273
9072 2011 77
9075 344 8662
7940 4755 2076
8418 1481 1218
381 3936 5240
8096 2634 2108
7628 2399 1550
851 5109 7558
863 3655 2953
3664 3744 4525
9504 2532 2086
8514 8895 4170
149 6620 1541
9825 3729 988
4526 2342 4502
1521 7676 5004
431 8745 3171
5030 150 1495
8690 3304 1689
7781 7915 2130
878 4004 9689
9247 4075 2285
3751 8007 1068
6255 9503 8101
2442 4154 8064
618 3572 980
5546 3170 935
7147 2849 9949
1892 5177 7034
921 8834 2715
2613 3788 6801
6215 326 1102
1597 2227 4294
4805 5734 7308
746 5764 6164
2165 957 5762
9079 9969 5377
6963 5349 4022
9247 276 1229
4932 9116 520
443 7173 7424
6228 5181 1977
2538 1080 7574
2555 2092 5869
6443 7716 8971
5683 6215 9843
1198 4161 231
631 4706 3641
8057 5587 4508
7738 4318 7770
4837 1994 4283
518 1824 9645
6215 352 5545
1781 8591 8762
5966 4154 8688
3939 3099 9211
4353 9332 1854
4683 1618 5040
7896 2971 7938
8020 6958 469
9224 7671 5263
2105 4392 2759
5648 9081 7831
9027 9055 3066
4193 9348 9644
1361 246 8482
4152 5854 2574
8841 9169 7133
7037 302 7174
5730 2257 5067
6121 8156 1620
9505 523 3624
4346 1634 1282
1960 8458 6075
4762 8460 8120
3419 8710 1265
523 8702 1900
2823 4236 1274
497 8342 8896
4366 5021 7402
5796 9873 4510
5828 1956 4040
875 8561 8443
1412 1152 8623
4649 484 5200
772 3185 9836
3735 2813 2409
8240 7354 4394
6119 681 8947
7048 6940 5053
6216 670 8584
5809 1604 6410
5234 8675 4393
6776 4874 9679
890 8203 5329
9981 6329 86
3825 7189 8792
1294 5120 7551
8692 9911 7155
1991 716 3835
9176 9999 5647
4934 806 3361
544 6799 1230
2194 6823 6253
2325 3109 3463
8068 8800 9370
103 9141 66
8955 4326 7613
462 7489 6446
422 6824 7337
6785 3676 5401
5249 1924 3943
5224 2812 1889
4043 5776 4618
3164 3332 1122
1031 420 9647
1979 2504 5992
5219 3047 1613
3594 8151 8112
3916 2563 4156
1252 4657 4103
729 1547 595
480 8724 1172
2842 1436 6260
5259 5524 4786
29 3438 2667
7789 8043 7958
653 7404 4553
9448 960 8192
470 1772 6700
392 2633 6890
7510 6647 1300
480 1900 4916
6503 6700 8531
4989 9318 6081
4896 43 33
8884 2904 2856
608 533 9534
3513 797 8124
3202 964 9099
9931 2535 8907
8424 1267 2664
7365 9611 1097
69 2623 1464
2670 844 3613
4905 362 631
2928 2603 3800
7831 7204 230
2373 6756 7128
2748 1627 7237
6720 2224 8125
4465 782 5079
4178 1876 8642
6517 389 4667
6154 8324 4059
6565 5853 9899
3003 3332 5905
2817 4270 5188
3199 5072 8063
3052 3134 477
6460 7259 5326
8063 722 4304
7370 4684 1595
8110 2762 9120
8764 7692 2045
2061 6667 8934
9337 6712 341
8242 8876 3738
3902 3713 443
6179 8162 1055
3736 8139 7072
9784 9863 6833
9899 8374 4682
9860 1414 9552
8644 5180 7625
1588 8856 1476
8142 1800 2138
8708 474 1096
1343 8638 9092
5389 2759 7580
65 735 7992
6213 1700 3050
6159 6673 6759
7654 740 1524
4071 9881 7676
4054 4755 4316
9724 4934 3976
6780 7936 6903
7769 521 4621
1324 5345 2209
8618 882 2740
689 7210 2408
2245 687 5928
3794 5434 5555
2164 5462 5616
2695 5772 1046
4676 4072 1506
159 5692 1668
5338 6797 7395
6064 1013 2849
7547 697 7162
9159 8064 4614
7773 1848 51
4677 3176 8856
2469 7319 4883
2996 6599 7336
2744 4534 9232
9605 3492 1572
863 5978 9248
4597 2744 5684
1681 742 4142
6864 9254 7529
2117 8642 9840
2631 8762 6902
2369 9329 4775
1684 8461 6699
3787 5914 9037
754 8878 7247
1472 7219 2177
1174 4445 3775
8926 6060 5216
3126 5663 9130
5717 7722 7228
4116 614 2675
7868 1700 2296
695 4012 765
4941 5873 7199
9754 4373 6064
1697 6584 1339
9046 8085 2564
2154 3582 8147
9235 812 7230
3668 3175 6043
2 6789 4938
6414 4106 272
1746 574 7367
7042 7762 9726
3022 2720 1320
5352 2481 3222
4353 6702 4352
6506 7832 4983
2260 1213 8115
7166 1418 2767
6073 1912 1141
1193 9061 4105
3177 2101 5376
3212 9304 9381
4562 32 6052
935 1373 7117
114 6092 9050
9933 5346 6590
2556 2426 6716
8673 4996 9377
8263 2480 1159
808 1886 7055
1550 1003 2454
3609 1521 9444
2342 3665 8135
5821 2788 4656
126 3710 7316
1675 5780 3600
8362 880 4494
3583 5122 1644
4594 4393 8985
5329 4629 5608
9709 9995 179
8708 5835 1004
2742 5410 9800
1386 1406 6834
9291 8391 5545
7868 7877 5045
335 7020 1264
2726 5979 4871
1928 95 8301
7583 1907 5007
6414 8566 872
22 2816 6857
7029 2029 9329
3962 6367 9768
4728 2678 3879
4034 7355 4564
7870 2679 2135
4667 3755 4136
549 7074 6086
4811 2923 664
934 1308 9473
9307 8633 5894
8246 2256 7929
4499 4464 1718
8390 79 8216
8715 120 6364
5308 8143 9339
3753 3828 1145
211 2131 3531
3603 129 1687
485 9013 1833
4809 1001 2632
5359 9048 5306
1960 3923 9426
9002 3019 4977
6100 2197 8474
3619 4326 1090
796 3003 2131
791 278 4300
3628 4267 6536
4379 2711 203
970 3255 341
9178 104 7177
9700 5115 8809
6449 9882 2815
1762 941 1576
7662 8150 7787
6357 1884 586
6909 9557 9565
1794 7318 5639
969 8331 9173
7972 8743 2813
9501 6987 3983
2342 1728 4937
964 7694 4132
9250 71 8949
6272 9743 9448
8561 2212 9067
3611 4015 1901
2676 7904 7007
3625 9224 1714
5293 9668 8523
3989 4760 4503
8069 5165 7682
9042 1654 5942
5568 5064 7240
6981 5186 5884
9081 1229 7083
6446 3955 2235
352 2490 3896
3233 3445 5995
5300 7936 4786
9235 9790 8436
4697 4176 5546
8002 5557 833
1386 637 8081
8934 8020 1397
1163 4730 9662
4813 2105 3161
4856 9911 9879
9593 6752 6757
7386 716 1986
9216 9822 192
1619 6369 1432
7554 9845 6106
145 3901 9055
9665 2396 3870
256 7583 4760
9501 394 9856
4086 448 9572
6771 1351 6161
8788 5727 7160
1796 9493 891
7445 9922 8849
3689 9017 1804
5821 1383 2352
1692 1228 63
6118 3620 8982
1023 142 735
6592 1839 6974
6211 1736 9229
6320 3323 669
8374 785 9431
4741 1921 9294
1129 2234 9968
3314 422 4694
4416 5941 6152
9072 144 4666
8908 9827 7672
1359 5631 5330
6364 4727 1465
5698 550 5396
4360 7231 4246
6843 1828 9666
275 7154 5825
7584 1329 2306
78 1234 5992
3124 1927 9569
8579 2579 6032
7427 2096 1033
9363 566 5351
9506 2180 287
3340 9390 5745
5263 6634 3918
2075 9604 6111
2418 2195 1344
4137 305 1853
5224 3616 2025
2022 7521 7997
9520 991 7557
5056 5336 1906
498 7907 7099
7212 8684 2127
1428 3141 298
5661 4929 3766
3704 2551 9682
773 5589 2424
3471 6479 5760
2299 1489 6070
5120 6010 4266
4955 9711 1906
4485 3890 1867
6771 4567 1939
7036 2607 9415
8499 8602 7688
6589 39 9694
9785 2384 4142
9460 6927 5857
1752 3531 2532
6327 6007 9782
677 1754 7282
1587 9474 3439
458 45 6965
5598 9033 3686
2527 6589 8435
2576 2201 2535
2583 1708 3925
1054 5680 3905
1389 9975 5013
9886 1055 7573
4824 463 729
9944 7311 8701
3665 200 3167
2726 2161 9354
8975 1302 6953
5812 6400 8774
4350 3038 1473
388 1386 2136
2190 7269 7475
7302 2805 1248
651 8881 7682
6416 7316 6155
8123 337 1402
1781 9342 6242
3691 3009 2671
701 4587 9706
1538 5881 7860
8536 6236 9759
8507 4015 144
7511 9779 1614
8650 2902 3347
9442 3155 9447
7660 1802 7596
8313 1436 5906
6236 2182 8083
1392 3062 606
3123 3388 6176
5101 2852 7373
1760 4517 6853
7760 6383 5340
3006 3908 8795
2632 8750 892
2666 7389 1595
2580 8686 981
1017 613 3516
5269 640 4740
7957 9888 2932
1480 8212 9610
1362 8943 7264
2209 1378 1094
7182 2100 217
737 1360 4799
3593 4012 6086
3752 7525 5316
851 927 2200
9127 9704 174
1819 1503 3988
3278 1922 2291
9084 3188 5121
1156 4507 2077
9551 8072 1295
6528 7044 7585
2074 1004 3103
9565 1045 300
2738 7435 262
9628 4936 6154
5151 3272 9976
6945 3364 1954
4576 1138 6144
4511 6787 2966
3278 2231 1687
5424 3739 1976
5283 1888 2950
5502 1443 3206
6964 275 3513
3646 8260 262
9168 8904 6115
4023 1626 4431
2005 2993 6327
7849 6042 9997
656 8237 3002
3033 711 4790
859 7849 5331
7959 8374 7349
363 4763 2232
2449 5111 5836
2508 3427 9077
2579 586 9064
9051 7094 603
2263 8668 5292
2827 355 3255
1177 8748 1695
1151 8723 9219
9672 1963 8115
7489 8822 4127
8433 6933 7756
5086 3428 1879
1238 8316 159
6204 4253 6268
569 538 1464
3150 5944 1370
2541 5517 4028
3272 2842 6724
3271 3993 1054
3253 994 543
2519 9111 5691
1373 5737 61
3149 2375 6311
2527 6616 8282
9411 2245 1476
8665 2961 2138
8973 2473 6344
2160 4879 24
8706 657 2478
7182 8620 8151
6944 513 8201
2556 9926 2305
8962 4624 1981
7694 1875 5544
2833 4411 7528
7556 2433 6700
9903 6880 4012
9461 3550 2862
3584 6056 4797
6659 2119 9699
7399 17 7722
4519 7290 1323
2420 8729 6447
921 158 9593
828 2385 7690
7243 7932 5704
7137 8384 8472
1302 7589 5656
2064 6635 1606
6504 5366 3459
699 1283 7333
683 3906 718
8620 354 8852
1166 7799 4398
9353 6113 6193
6157 4510 9802
4690 5706 9100
7943 3160 1333
9085 2441 4274
75 8430 8515
8756 3255 8904
9583 5925 832
3923 4248 3956
6881 5812 3881
4276 1161 5422
6865 265 2153
7994 9795 6629
5469 229 847
9358 7 3082
1763 1885 5199
2687 2262 4865
1777 860 8216
4068 3835 2800
5252 6674 7260
848 3931 2991
6889 3600 1090
8072 2110 6769
3892 7293 9379
7007 4974 5147
0 610 8656
6015 2741 2460
4660 7075 4893
1749 400 3718
2845 6137 3163
724 700 8679
6623 7893 3108
8778 1593 2571
9170 5329 4618
4251 7456 2397
1241 5214 9153
1522 8771 8628
4568 8514 9201
7464 1938 5371
5878 4219 6179
6154 9252 2349
7940 6877 6999
3279 3130 6935
8477 1915 4353
804 9403 2183
2430 8797 6620
1309 1194 5392
8589 6344 1105
2752 4702 8208
2867 5068 2715
5799 8292 2684
5936 5492 4313
9371 7923 449
6680 9795 139
6322 2157 6445
5087 9960 9045
7100 4349 6489
1938 3222 2491
7395 5283 9685
4661 9033 1065
637 184 7864
6515 1567 5342
4968 908 2189
6872 9324 9592
1736 4136 8174
4103 2730 3604
7015 4561 6641
9653 4539 9573
5331 6638 7925
7311 7586 3354
22 9834 1439
1658 9832 9354
4684 6700 8413
2684 7866 3093
2618 9483 239
2377 5635 2935
5880 3786 3687
2351 9279 8139
116 510 7621
1035 8087 2077
7369 2217 9509
3105 236 9761
9849 1571 5813
9746 3290 8058
3823 8439 8336
7182 382 1051
913 5812 6791
3075 965 6038
9825 4820 3097
3862 90 3441
7571 6253 9323
4819 560 9679
7916 132 6644
1670 5835 798
9472 363 2959
8817 2802 2369
2331 564 1330
5843 2353 4558
3037 1859 8975
5667 7576 9770
3127 1874 5439
3176 3702 1096
3605 8695 460
293 8195 636
8817 6504 2780
418 8899 8825
5614 2484 928
2574 1256 1891
783 1385 9853
6809 5651 8371
9354 9422 1937
4581 147 9193
8388 2382 741
6321 2151 5621
6306 2399 805
4019 635 5575
211 8337 8145
2321 4298 5916
8094 4365 4437
650 9980 9583
1381 667 5636
403 629 249
745 5418 2053
374 7536 5479
7080 4859 7841
8093 1254 9156
499 914 51
2673 9216 5080
2923 9208 5966
1630 1821 7745
2438 4736 6719
9773 6251 6726
3240 4360 887
9612 7752 2017
7373 1041 4042
3997 3221 8194
1650 80 8913
1101 383 2252
4578 7708 2001
1076 2401 8414
2175 222 8608
9956 4722 5293
9048 7393 7068
4178 2962 5887
8679 8741 2251
1469 4738 9022
2553 8353 8147
4091 9119 5449
6414 8361 5055
1995 7150 8436
1633 3262 5968
3914 1317 8487
6223 443 369
1314 7936 5821
1178 1396 427
3493 1330 4714
1802 4101 9529
3232 1896 2280
1833 8567 6322
9202 1327 2019
1360 4361 6075
9361 9670 2053
8170 4654 9064
1081 9053 627
8637 167 7671
1730 6221 95
4168 5247 4817
5531 5156 4242
1765 4813 5876
7045 3639 5590
8495 1276 1099
2979 3720 9502
2434 8979 1561
9142 1668 5729
1206 2510 7230
6395 1613 1783
9372 1879 7213
4316 6680 7315
7111 4785 8503
8386 1358 2231
2186 8837 8992
4836 3540 7324
1745 2111 65
2284 6696 2215
8137 3130 3625
5929 7091 7219
1504 577 9942
8809 4332 6831
9323 7179 5153
1576 5735 3650
3708 6258 2885
5242 3765 7068
7586 1825 1248
3747 1958 1602
3248 3621 2612
8401 5495 5929
1389 9415 3943
8915 2896 9848
6043 2154 9209
5431 7193 9959
4307 5126 2798
146 1970 3519
877 9852 6036
1379 8116 8126
270 3152 7840
457 8960 4279
1514 2558 5967
8344 1357 5015
8154 2811 8867
4055 3103 3085
8563 7591 4409
3328 992 1978
2990 7983 3564
8210 9201 4604
9558 7450 895
183 2477 2581
8090 7523 2867
7011 4085 1204
1651 2666 5196
2347 2728 5550
2594 1300 8451
1884 8046 7290
2801 9389 4643
8177 6876 6459
4266 1671 1142
7388 5650 9136
4592 4191 1370
235 575 7518
9282 5649 7070
2054 9927 8037
4273 2298 6362
3080 8860 566
5444 8643 4407
2957 7897 414
3603 3412 3733
763 2285 5987
1805 4427 7483
4260 4671 8854
415 2249 6775
4913 9320 5449
8201 2361 8822
9461 8351 308
8326 8746 1345
9500 9917 5017
626 9134 1596
3759 5471 2844
6490 8278 881
3653 7965 6523
1914 5611 2856
6901 5199 7000
2682 7910 966
9825 956 6096
1974 1560 1303
7812 6931 2231
5011 1982 4755
3169 106 4310
7854 7171 6548
772 2469 2630
883 2227 3986
3712 1391 2860
9203 1995 2565
771 5066 5805
9344 4839 284
5640 8166 1945
4065 4493 1030
3149 4852 2045
1385 780 1286
853 1179 6295
6101 5774 2517
6879 9705 680
2027 5991 2478
7069 7272 1461
6481 1785 5982
9966 5986 2656
3415 771 3895
1648 6589 2108
7070 5211 5128
9091 8214 3460
2098 7754 6241
6508 6030 3329
5393 3660 1184
297 4856 9687
190 2639 6668
1123 4482 4124
1393 2640 3108
8361 6095 6354
8215 3295 175
6993 313 2631
3063 334 19
6740 2277 4221
4705 9672 3748
6727 9453 7083
5448 6704 8996
658 594 9306
8192 4169 2167
813 6685 2327
1152 539 292
5211 3786 1106
6232 251 3200
4455 3542 8225
8560 3584 1412
3379 564 1523
6919 2352 4157
9094 7156 385
986 9380 386
9050 3245 729
911 6731 1283
1442 4952 3819
1706 2557 5415
548 7197 5643
3465 431 9750
5877 2490 7405
871 3901 1042
2550 2233 2345
903 955 9127
1355 5328 7866
6026 9875 6947
2962 4841 852
1208 6742 8878
5896 1760 246
8398 207 779
483 5226 2973
401 3479 4121
3034 3907 5121
6953 5909 306
4348 5463 8002
6970 8839 9764
5152 1707 2296
3179 6149 8184
9821 2099 2758
1288 4506 8617
5146 3607 5226
7525 9370 1857
5863 3819 6464
3178 6827 3914
3042 2787 3607
7964 6641 6603
6386 4890 4822
726 3000 8445
5787 2742 1151
5790 7100 162
1516 6717 6362
5812 1629 4136
2200 3335 3817
4484 2839 1223
1364 7417 6677
8843 3044 7037
1487 1008 3219
4617 2649 2348
5319 9770 4691
4764 2667 4328
511 582 6633
6154 1806 2579
7850 5149 2110
6220 6680 439
6079 1080 5112
5598 5332 7959
4904 7616 7438
1046 4331 7385
217 9622 3093
4872 2196 763
1709 873 6321
9760 1234 5786
7894 4932 9480
5980 1459 755
6867 4404 1127
9805 4609 2110
4282 927 3166
223 2105 336
1229 3825 6624
6675 9266 3885
7442 8719 9375
754 7120 9056
3042 2206 1433
1886 9756 4223
925 895 1677
2320 177 582
6796 785 9620
6405 9632 9272
488 7289 5886
1622 6538 822
5104 8617 151
4411 5576 6549
9246 3093 3626
1346 3348 2003
8735 2326 88
474 5618 2679
1775 2164 3927
9600 1348 7100
2430 8902 8166
7771 3051 9296
6415 9768 5541
7521 9983 5221
9027 5937 5274
457 1432 1436
1826 6566 9141
8781 4371 4227
3200 7320 7215
2247 7819 5666
7030 7439 3455
3291 4739 122
5188 474 287
1567 5763 1819
7169 9900 2500
5438 8786 2698
8751 3623 9984
8109 8451 4787
9115 3208 6287
5331 7123 8040
4021 857 9502
8811 4759 6574
3182 9267 2003
7833 6703 3097
726 6415 2826
3822 2436 6589
8285 3012 944
5552 5624 1237
1996 6252 3986
1538 7183 993
7426 2766 5479
7349 9917 2089
231 1232 2354
2642 4336 9087
1932 7815 5584
669 3390 509
6741 6806 5563
2250 9415 8630
1304 8582 6633
960 3906 4840
405 398 1442
3473 2734 6988
4974 2827 3985
2024 3319 9025
7757 6172 1355
9345 8801 8336
4350 7091 8804
5019 3385 9208
9929 4832 6151
121 5515 9932
1612 4652 9769
4421 1925 6420
8871 5368 4347
1350 243 2633
5161 4758 7514
9754 3423 6350
400 1027 1618
4189 4374 984
2660 3163 7892
4139 9858 3598
7769 8408 3349
3388 1573 174
32 3360 6879
4646 4888 3733
1418 6583 4409
8674 9985 8608
5494 5149 4286
2115 6730 9484
477 4973 58
2380 2806 607
9310 2074 346
2189 4825 1611
8298 4303 2134
4594 2565 5046
8953 539 9388
6766 9821 4012
786 4239 604
6786 9702 4162
834 2125 7001
383 7325 385
7675 4226 149
11 1212 2018
3798 2546 2130
7054 496 3075
1227 9574 6339
7677 3978 240
7873 8138 6028
225 2099 4205
7239 1454 3208
4847 2215 5598
2410 9314 1661
5194 8779 1401
9613 1185 4649
8369 6765 2420
752 2673 6743
4700 2460 361
2303 8066 7589
5332 424 7961
1910 2257 3368
6221 8586 2297
5442 5617 3024
2615 7004 5249
4061 9163 178
6780 3167 8307
4360 5298 2628
4243 5751 1527
6513 5895 9416
1654 4958 2115
6779 7212 201
3497 8632 203
2629 7859 2843
4291 6599 7245
9050 8565 5507
7387 1662 4429
9906 6082 5731
8951 1323 956
4392 6876 125
8745 9942 9594
5229 2039 960
7798 7714 2269
4161 3992 3124
5421 943 9015
9192 9105 4563
3367 6617 859
672 7264 5750
3353 9583 1805
3212 2153 5192
9821 3953 5677
2399 3322 5692
8527 8539 3812
9300 9803 8598
2834 6278 1933
269 5896 1189
1394 3490 5075
2397 5762 297
9221 1165 2377
1414 5248 9572
4732 9355 7446
2348 8855 3406
9078 3713 432
2286 4075 2012
1919 6303 6465
2671 2635 816
6912 622 7254
4320 4672 6297
7232 3753 8805
6408 1860 8051
9622 558 8616
4022 2658 4514
3873 1581 8305
5302 117 1695
129 1444 2599
57 7768 1902
3678 2470 3611
9670 4816 1262
1561 3575 1023
4746 4700 9748
6347 7395 9807
2426 2576 5544
2499 1344 3672
3793 1127 5831
3388 4147 8312
3560 323 9166
8362 3095 9743
7637 2186 976
6149 7056 2781
6389 6038 5301
5873 5098 7717
9948 6080 2926
4820 138 2077
627 9555 4117
5224 7038 4424
53 3027 2059
92 1205 8670
6360 4127 4146
3052 2858 2625
6324 7740 2671
2051 229 579
1391 6655 7226
6837 1394 4671
893 1519 5242
2446 2264 8620
8628 7052 6352
9515 8513 9234
8084 7511 3390
4907 1171 8323
1052 1672 4311
9240 6890 8235
5219 1838 1131
2656 2577 5316
8643 207 929
2628 7888 6482
1773 320 126
4259 1224 7405
3897 6529 1082
4701 6595 7144
882 7312 4667
8218 270 2934
9503 5182 4064
7734 4670 2974
1955 2555 8729
8020 1788 179
7133 4 3894
4530 158 2390
2407 1485 6063
8887 673 6105
487 5494 2025
2161 196 3721
5566 3025 7021
795 9065 8973
721 6350 5441
2154 2990 3336
5366 7276 4973
2215 9294 195
4367 1316 4555
1194 2034 7127
1836 780 3051
2540 47 2037
2162 1231 5845
1356 1468 4439
596 2398 6850
5951 1888 1859
735 636 7675
1978 5801 996
7595 2573 5080
4699 6210 827
5601 5773 6545
307 3076 1151
8461 3314 5308
6230 1779 4744
7665 9412 6962
8749 1937 3245
9234 2265 5262
8755 7689 8608
2660 6848 7431
5230 4264 9919
1261 6080 6671
6473 7050 6537
1541 3688 683
3862 1875 8420
2359 5845 6123
8865 2398 8700
8036 6998 8302
2623 1546 4428
1224 193 3299
8230 4361 94
9679 9637 4664
2279 238 8750
4712 736 5822
7528 7331 2971
6831 766 8656
1117 7556 2717
4501 387 2482
9969 4329 3139
7269 2176 845
5259 4116 3318
9556 2392 2207
4717 6937 1034
1734 7279 1804
6356 7570 8845
1180 1447 1804
9956 777 362
5428 8735 3105
1967 1308 7305
8481 3937 5190
6202 5384 4172
6846 2448 82
1042 9284 3742
1950 9893 6229
4921 4297 6840
170 1148 9554
2418 6719 1050
4678 2659 8992
877 6524 5497
1361 6528 3772
1850 927 5058
9068 2517 9507
3904 9695 4485
347 7000 6544
7291 2013 7486
3312 602 5487
7272 5413 363
9436 3886 7889
1060 299 7906
5676 6261 1603
4046 4980 9198
6511 6931 7007
3521 9752 5999
1919 9878 793
3536 3700 7042
5905 3215 8225
584 6612 138
2202 9416 1059
3690 6998 1045
5344 5879 343
5074 2310 5915
3432 8059 3415
5984 9347 239
7108 9965 9551
7784 6651 649
9394 2451 5703
3599 1382 8525
9486 9644 2341
1199 9745 9620
3075 9985 6261
662 203 1658
5424 5812 2160
4469 2036 707
153 7408 7047
2719 5305 2480
1853 2179 3258
9852 7528 8704
5741 6435 6374
83 845 6175
3201 7141 8271
6439 1879 5985
755 1390 9181
349 2233 5787
883 8030 4233
3523 9213 5272
453 7970 1743
9597 956 1659
570 7621 602
7288 2706 8845
8108 4141 8601
96 6259 8223
1357 5668 2491
1472 9591 1818
2096 6257 921
174 3744 8433
1406 3805 5893
8455 6532 3032
6402 8035 4062
4709 7817 3280
6761 3663 8717
9284 7248 6889
8535 4408 802
1268 6355 4969
2105 2058 1668
599 7281 2455
8087 2780 9061
3755 7279 7831
9371 512 7678
2068 374 6987
1606 2659 6123
7329 2645 4461
6358 1725 722
1839 3218 2991
5953 1891 4343
3878 2256 530
5274 6855 2100
8361 2428 4888
6893 2434 969
7787 7321 413
5960 1946 543
7946 2628 5007
9532 1756 9653
1903 2152 2433
1570 8414 406
896 5688 8671
2912 2984 4774
60 9672 4170
6548 1946 4283
5383 3367 580
5365 1837 1666
6049 1961 7433
6194 7021 9857
7625 8948 2067
6313 8111 4335
9424 4827 7005
5523 8187 79
6920 5039 5908
6062 5758 2854
8923 2249 6163
2238 7285 3109
9610 2031 3367
6483 3761 5685
2988 6755 4767
5987 700 7443
1796 9508 3335
2607 335 8683
5235 7296 5691
3196 1352 615
4075 3372 9512
7247 1870 3231
2211 6643 8160
5621 6740 7543
6135 9123 8103
529 4848 6369
207 4349 2691
9320 9917 3679
3257 2720 2114
1361 5531 4276
8913 2387 3891
7118 8075 556
9152 4796 1349
6563 3800 5803
8251 2720 1952
8915 6254 5673
1814 4149 8039
401 1647 9123
9378 2397 7598
5880 6221 8601
8368 5188 7813
3463 9920 8194
200 158 3274
6717 7116 7126
1093 3564 8094
220 7061 3790
8554 7745 2124
4176 76 6825
5711 3603 5951
2708 1272 719
5081 146 3710
3393 4952 6826
1345 9445 5791
3491 3247 1064
8957 1394 2476
6407 1036 3450
920 3670 2142
1971 7983 595
8935 3065 1582
6568 8073 2334
3109 695 2538
8889 1248 348
3685 9608 2290
5475 2215 4589
4138 2732 1762
8164 7549 689
4780 4004 5213
2978 4458 349
2083 5580 2447
3528 95 744
3521 8303 371
1150 8361 5259
8135 3579 7744
953 2522 6240
3466 8728 9605
6002 107 8809
9775 8388 630
5866 5481 5244
4739 949 3660
4628 7732 4076
166 937 911
2296 166 364
6915 9678 6131
8768 7646 9286
2723 399 2358
9106 829 7549
7792 9277 3034
183 203 8000
7923 4789 6731
8155 9410 1108
9311 9061 1864
7736 3498 8971
2411 4741 5712
2914 5855 1686
546 449 7856
8364 104 9688
2973 2286 7236
7921 1459 3003
4700 1342 7464
8904 218 8502
4376 7248 2147
7157 9672 2548
1766 3178 7206
926 8680 5964
8741 3097 5342
8156 5572 7849
3591 4525 237
5747 156 3207
6319 7807 6887
3509 4770 5400
5936 4791 1991
3288 3419 2293
3843 7374 1120
3603 2 5530
5367 9772 7443
6387 2148 9745
3705 5571 5989
6307 1711 9079
7700 9390 6688
3197 9783 3282
5490 4201 4311
192 2128 8076
929 9177 3706
4176 600 6623
4995 9571 7691
660 5137 3066
7645 948 4566
2002 6581 1509
2081 8379 2626
1473 4819 818
7138 805 1897
5836 1444 4555
5437 2122 4907
7024 6657 6736
4937 4581 3774
7039 8656 8980
5426 7064 3078
3209 293 3574
9354 1894 424
3002 4950 6871
3261 1013 4762
9203 747 2921
8520 5697 5220
7716 2603 2459
8141 5816 6778
8446 7444 7216
6829 3156 4004
3008 497 1462
1659 488 979
8814 1358 891
6882 7755 2392
6705 7194 6502
8524 2361 2922
9850 2817 4130
8978 8029 4685
4170 2044 2593
7637 3320 8212
2549 478 4272
9585 5146 5722
1450 3894 8058
606 6362 7317
4044 8900 9135
6823 3475 3577
5384 1537 8900
490 4449 477
4833 163 516
8609 9770 6771
171 9947 460
7222 5839 4561
5975 1589 5357
9593 1259 7296
4509 7665 2321
3313 4015 3063
7742 362 7017
2549 4250 781
7712 7083 2374
8251 2369 6452
8224 2835 7192
1598 334 9583
7856 221 4730
5825 1958 8073
6316 8065 7700
5522 2861 7352
9738 2795 9991
2952 6765 667
8482 4607 1600
3181 3545 4248
156 7052 153
8985 941 690
7743 3325 1167
7411 171 7350
2319 1699 8001
9788 8627 3525
4283 4191 2647
1314 2046 4974
6082 2154 5130
6632 1901 3364
1025 2134 9944
2038 2927 1149
8776 6080 1675
4185 5750 7926
4830 6349 4838
5981 819 5387
3940 5269 9117
1059 6244 885
5421 5095 206
2828 5193 4362
1923 8835 494
3159 7409 4311
7761 6807 5848
33 7889 5357
8778 2639 279
1156 7446 1694
5540 193 1369
4716 4588 1498
2945 3281 8426
2960 2574 1250
5327 8144 1436
9928 2501 2018
4272 3105 9616
9559 2505 6062
6906 6263 8465
1390 5615 2032
3528 4292 4049
3587 766 1833
7653 395 5749
1004 1456 434
3395 1509 6644
2829 7270 6214
311 2881 6083
929 5165 2884
4624 2455 3481
7396 7398 9678
7111 5141 6123
5789 2088 1107
1897 2985 20
1259 6717 2700
40 4795 5553
615 2967 9905
9543 7243 7628
104 7278 4586
1466 8138 505
2560 7414 1604
3320 7329 340
8938 5071 3787
3646 1701 465
310 5279 9620
4750 1062 7145
6523 291 3977
4745 9452 9823
7371 1144 3957
8348 3172 8957
2823 1508 8943
2204 3635 348
1000 3533 3378
7308 3377 7875
2524 2644 121
7507 897 4224
4652 1023 1707
9715 3308 42
994 165 9196
604 2781 1614
1274 7292 1744
2793 183 7390
8957 1814 6385
4201 3284 1938
6354 9888 3807
3138 2600 9293
545 6801 3270
2600 2142 2202
3614 8940 7915
3074 6331 2471
4582 2594 4342
1634 4818 3715
2432 2117 7086
8720 427 8650
637 7002 7207
4835 9382 709
1835 8671 6464
6889 417 1067
7105 2548 5445
681 4844 7105
2031 107 7272
8376 2315 5960
6881 5494 3166
9007 3690 9849
7705 7374 483
900 5298 2429
2605 92 7407
2315 1065 6319
5547 9540 3491
4362 581 6197
2144 3617 621
4086 2273 4225
1672 8740 8522
1675 2250 4499
1997 9838 214
8140 2547 7477
611 2356 7479
4889 1383 2705
2958 1288 8264
8372 2647 9841
5977 1408 4384
8333 1995 3304
8649 9940 3474
145 2359 9422
6811 2982 1361
9147 787 448
7891 6061 6795
9274 2860 7293
3569 965 3333
8874 7498 233
7498 89 625
502 4312 553
492 7798 2739
4510 5552 7146
1709 2664 9011
2490 1971 6079
6651 282 6234
5928 1039 1321
6399 446 0
2903 5482 4443
8113 7414 9584
816 6314 9180
7469 3010 9089
1679 166 2148
3780 6940 6728
208 743 6559
669 8279 8933
3320 8377 4858
7097 5404 5219
1300 7631 4759
2712 9018 2573
4133 7423 5934
9375 8362 6328
6144 5844 9061
9849 4637 247
9536 1650 2961
4617 1536 2471
161 3826 6942
8678 7426 1071
8635 126 4257
3472 2519 9787
6297 1401 2570
5982 5787 83
1160 4295 1601
3241 7633 1310
9364 4458 2234
4692 6337 5973
1030 2391 3160
9427 6793 7313
3488 1760 3279
1963 5315 2583
7982 5181 7932
6837 2831 8428
7788 2818 103
2803 3313 1346
5807 8099 5231
4629 718 4739
7870 694 2139
147 9912 375
9254 975 362
1643 1024 3067
7915 6200 8695
3128 2256 299
2625 7645 4024
856 9187 7324
6178 5820 5497
2286 9044 221
4694 3866 438
370 2621 7558
5322 8752 844
6684 6929 3306
558 3700 8953
5953 621 6410
8061 326 2822
1861 5089 8915
1959 3217 6911
9759 7411 1345
2484 1632 752
3388 6649 5533
8970 6158 1290
2380 6675 1423
6291 494 4918
3912 6738 4361
1385 3177 3050
9039 7285 8638
2615 3428 3279
1385 149 1654
4860 7777 5561
8772 5824 8116
223 4543 3230
3865 1785 7972
7805 4220 2732
8451 4519 1703
2744 7434 9257
7703 2849 7530
866 90 3736
7757 5732 6434
1421 7276 1785
8320 3185 7323
91 1097 3811
9725 4387 3944
6814 4725 6371
1935 4448 452
4188 7240 6508
172 2257 7577
3615 5417 1925
5463 6644 6122
7324 3184 1772
661 9942 3076
4804 7932 9893
7231 9929 2850
462 2847 1214
5531 3856 8988
4827 447 6902
2349 3795 1217
3759 3399 8524
7640 5585 3469
2329 4202 7291
3862 8726 5189
8736 9271 1308
7209 7707 4513
601 9371 8640
1814 6915 2451
1494 6745 9338
7318 8970 3679
722 2702 4390
1803 533 1267
9072 4365 9702
1094 4003 6516
9863 8509 3919
1335 9660 8314
6392 7412 273
2866 5531 8052
3748 3002 938
166 3289 1447
5708 4463 8131
1736 1337 3154
5719 6922 4864
908 3370 5232
5102 3817 6704
2164 1344 6911
2493 8005 3888
291 9320 7837
